-----
{
 "description": "The table refers to block wise distribution of Deep Tubewells according to irrigation through supplementary source . The report has been sourced from 2nd census of minor irrigation scheme(1993-94) from ministry of water resources.", 
 "file_name": "blckdptbwltab3.15.csv", 
 "title": "Download CSV for Block wise Distribution of Deep Tubewells according to Irrigation through supplementary source  for 2nd Census of Minor Irrigation Schemes (1993-94)", 
 "url": "http://data.gov.in/sites/default/files/blckdptbwltab3.15.csv"
}
-----
"State","District","Block","Supplementary irrigation (Ha) - Kharif","Supplementary irrigation (Ha) - Rabi","Supplementary irrigation (Ha) - Perennial","Supplementary irrigation (Ha) - Others","Total"
"ANDHRA PRADESH","ADILABAD","ADILABAD",0,0,0,0,0
"ANDHRA PRADESH","ADILABAD","ASIFABAD",NA,NA,NA,NA,NA
"ANDHRA PRADESH","ADILABAD","BAZARHATHNOOR",NA,NA,NA,NA,NA
"ANDHRA PRADESH","ADILABAD","BEJJUR",NA,NA,NA,NA,NA
"ANDHRA PRADESH","ADILABAD","BELA",NA,NA,NA,NA,NA
"ANDHRA PRADESH","ADILABAD","BELLAMPALLE",NA,NA,NA,NA,NA
"ANDHRA PRADESH","ADILABAD","BHAINSA",NA,NA,NA,NA,NA
"ANDHRA PRADESH","ADILABAD","BHEEMINI",NA,NA,NA,NA,NA
"ANDHRA PRADESH","ADILABAD","BOATH",NA,NA,NA,NA,NA
"ANDHRA PRADESH","ADILABAD","CHENNUR",0,0,0,0,0
"ANDHRA PRADESH","ADILABAD","DAHEGAON",NA,NA,NA,NA,NA
"ANDHRA PRADESH","ADILABAD","DANDEPALLE",NA,NA,NA,NA,NA
"ANDHRA PRADESH","ADILABAD","DILAWARPUR",0,0,0,0,0
"ANDHRA PRADESH","ADILABAD","GUDIHATHNUR",NA,NA,NA,NA,NA
"ANDHRA PRADESH","ADILABAD","ICHODA",NA,NA,NA,NA,NA
"ANDHRA PRADESH","ADILABAD","INDERAVELLY",NA,NA,NA,NA,NA
"ANDHRA PRADESH","ADILABAD","JAINAD",0,0,0,0,0
"ANDHRA PRADESH","ADILABAD","JAINOOR",NA,NA,NA,NA,NA
"ANDHRA PRADESH","ADILABAD","JAIPUR",NA,NA,NA,NA,NA
"ANDHRA PRADESH","ADILABAD","JANNARAM",NA,NA,NA,NA,NA
"ANDHRA PRADESH","ADILABAD","KADDAM (PEDDUR)",NA,NA,NA,NA,NA
"ANDHRA PRADESH","ADILABAD","KAGAZNAGAR",0,0,0,0,0
"ANDHRA PRADESH","ADILABAD","KASIPET",NA,NA,NA,NA,NA
"ANDHRA PRADESH","ADILABAD","KERAMERI",0,0,0,0,0
"ANDHRA PRADESH","ADILABAD","KHANPUR",NA,NA,NA,NA,NA
"ANDHRA PRADESH","ADILABAD","KOTAPALLE",NA,NA,NA,NA,NA
"ANDHRA PRADESH","ADILABAD","KOUTHALA",NA,NA,NA,NA,NA
"ANDHRA PRADESH","ADILABAD","KUBEER",NA,NA,NA,NA,NA
"ANDHRA PRADESH","ADILABAD","KUNTALA",NA,NA,NA,NA,NA
"ANDHRA PRADESH","ADILABAD","LAHESRA",NA,NA,NA,NA,NA
"ANDHRA PRADESH","ADILABAD","LAXMANCHANDA",NA,NA,NA,NA,NA
"ANDHRA PRADESH","ADILABAD","LUXETTIPET",NA,NA,NA,NA,NA
"ANDHRA PRADESH","ADILABAD","MAMDA",NA,NA,NA,NA,NA
"ANDHRA PRADESH","ADILABAD","MANCHERIAL",NA,NA,NA,NA,NA
"ANDHRA PRADESH","ADILABAD","MANDAMARRI",NA,NA,NA,NA,NA
"ANDHRA PRADESH","ADILABAD","MUDHOLE",NA,NA,NA,NA,NA
"ANDHRA PRADESH","ADILABAD","NARNOOR",NA,NA,NA,NA,NA
"ANDHRA PRADESH","ADILABAD","NENNAL",NA,NA,NA,NA,NA
"ANDHRA PRADESH","ADILABAD","NERADIGONDA",NA,NA,NA,NA,NA
"ANDHRA PRADESH","ADILABAD","NIRMAL",0,0,0,0,0
"ANDHRA PRADESH","ADILABAD","REBBENA",NA,NA,NA,NA,NA
"ANDHRA PRADESH","ADILABAD","SARANGAPUR",NA,NA,NA,NA,NA
"ANDHRA PRADESH","ADILABAD","SIRPUR",NA,NA,NA,NA,NA
"ANDHRA PRADESH","ADILABAD","SIRPUR (T)",NA,NA,NA,NA,NA
"ANDHRA PRADESH","ADILABAD","TALAMADUGU",NA,NA,NA,NA,NA
"ANDHRA PRADESH","ADILABAD","TAMSI",NA,NA,NA,NA,NA
"ANDHRA PRADESH","ADILABAD","TANDUR",0,0,0,0,0
"ANDHRA PRADESH","ADILABAD","TANUR",NA,NA,NA,NA,NA
"ANDHRA PRADESH","ADILABAD","TIRYANI",NA,NA,NA,NA,NA
"ANDHRA PRADESH","ADILABAD","UTNUR",NA,NA,NA,NA,NA
"ANDHRA PRADESH","ADILABAD","VEMANPALLE",NA,NA,NA,NA,NA
"ANDHRA PRADESH","ADILABAD","WANKDI",NA,NA,NA,NA,NA
"ANDHRA PRADESH","ANANTHAPUR","AGALI",NA,NA,NA,NA,NA
"ANDHRA PRADESH","ANANTHAPUR","AMADAGUR",NA,NA,NA,NA,NA
"ANDHRA PRADESH","ANANTHAPUR","AMARAPURAM",NA,NA,NA,NA,NA
"ANDHRA PRADESH","ANANTHAPUR","ANANTAPUR",NA,NA,NA,NA,NA
"ANDHRA PRADESH","ANANTHAPUR","ATMAKUR",NA,NA,NA,NA,NA
"ANDHRA PRADESH","ANANTHAPUR","BATHALAPALLE",NA,NA,NA,NA,NA
"ANDHRA PRADESH","ANANTHAPUR","BELUGUPPA",NA,NA,NA,NA,NA
"ANDHRA PRADESH","ANANTHAPUR","BOMMANAHAL",NA,NA,NA,NA,NA
"ANDHRA PRADESH","ANANTHAPUR","BRAHMASAMUDRAM",NA,NA,NA,NA,NA
"ANDHRA PRADESH","ANANTHAPUR","BUKKAPATNAM",NA,NA,NA,NA,NA
"ANDHRA PRADESH","ANANTHAPUR","BUKKARAYASAMUDRAM",NA,NA,NA,NA,NA
"ANDHRA PRADESH","ANANTHAPUR","CHENNEKOTHAPALLE",NA,NA,NA,NA,NA
"ANDHRA PRADESH","ANANTHAPUR","CHILAMATHUR",NA,NA,NA,NA,NA
"ANDHRA PRADESH","ANANTHAPUR","D.HIREHAL",NA,NA,NA,NA,NA
"ANDHRA PRADESH","ANANTHAPUR","DHARMAVARAM",NA,NA,NA,NA,NA
"ANDHRA PRADESH","ANANTHAPUR","GANDLAPENTA",NA,NA,NA,NA,NA
"ANDHRA PRADESH","ANANTHAPUR","GARLADINNE",NA,NA,NA,NA,NA
"ANDHRA PRADESH","ANANTHAPUR","GOOTY",NA,NA,NA,NA,NA
"ANDHRA PRADESH","ANANTHAPUR","GORANTLA",NA,NA,NA,NA,NA
"ANDHRA PRADESH","ANANTHAPUR","GUDIBANDA",NA,NA,NA,NA,NA
"ANDHRA PRADESH","ANANTHAPUR","GUMMAGATA",NA,NA,NA,NA,NA
"ANDHRA PRADESH","ANANTHAPUR","GUNTAKAL",NA,NA,NA,NA,NA
"ANDHRA PRADESH","ANANTHAPUR","HINDUPUR",NA,NA,NA,NA,NA
"ANDHRA PRADESH","ANANTHAPUR","KADIRI",NA,NA,NA,NA,NA
"ANDHRA PRADESH","ANANTHAPUR","KALYANDRUG",NA,NA,NA,NA,NA
"ANDHRA PRADESH","ANANTHAPUR","KAMBADUR",NA,NA,NA,NA,NA
"ANDHRA PRADESH","ANANTHAPUR","KANAGANAPALLE",NA,NA,NA,NA,NA
"ANDHRA PRADESH","ANANTHAPUR","KANEKAL",NA,NA,NA,NA,NA
"ANDHRA PRADESH","ANANTHAPUR","KOTHACHERUVU",NA,NA,NA,NA,NA
"ANDHRA PRADESH","ANANTHAPUR","KUDAIR",NA,NA,NA,NA,NA
"ANDHRA PRADESH","ANANTHAPUR","KUNDURPI",NA,NA,NA,NA,NA
"ANDHRA PRADESH","ANANTHAPUR","LEPAKSHI",NA,NA,NA,NA,NA
"ANDHRA PRADESH","ANANTHAPUR","MADAKASIRA",NA,NA,NA,NA,NA
"ANDHRA PRADESH","ANANTHAPUR","MUDIGUBBA",NA,NA,NA,NA,NA
"ANDHRA PRADESH","ANANTHAPUR","NALLACHERUVU",NA,NA,NA,NA,NA
"ANDHRA PRADESH","ANANTHAPUR","NALLAMADA",NA,NA,NA,NA,NA
"ANDHRA PRADESH","ANANTHAPUR","NAMBULAPULIKUNTA",NA,NA,NA,NA,NA
"ANDHRA PRADESH","ANANTHAPUR","NARPALA",NA,NA,NA,NA,NA
"ANDHRA PRADESH","ANANTHAPUR","OBULADEVARACHERUVU",NA,NA,NA,NA,NA
"ANDHRA PRADESH","ANANTHAPUR","PAMIDI",NA,NA,NA,NA,NA
"ANDHRA PRADESH","ANANTHAPUR","PARIGI",NA,NA,NA,NA,NA
"ANDHRA PRADESH","ANANTHAPUR","PEDDAPAPPUR",NA,NA,NA,NA,NA
"ANDHRA PRADESH","ANANTHAPUR","PEDDAVADUGUR",NA,NA,NA,NA,NA
"ANDHRA PRADESH","ANANTHAPUR","PENUKONDA",NA,NA,NA,NA,NA
"ANDHRA PRADESH","ANANTHAPUR","PUTLUR",NA,NA,NA,NA,NA
"ANDHRA PRADESH","ANANTHAPUR","PUTTAPARTHI",NA,NA,NA,NA,NA
"ANDHRA PRADESH","ANANTHAPUR","RAMAGIRI",NA,NA,NA,NA,NA
"ANDHRA PRADESH","ANANTHAPUR","RAPTADU",NA,NA,NA,NA,NA
"ANDHRA PRADESH","ANANTHAPUR","RAYADURG",NA,NA,NA,NA,NA
"ANDHRA PRADESH","ANANTHAPUR","RODDAM",NA,NA,NA,NA,NA
"ANDHRA PRADESH","ANANTHAPUR","ROLLA",NA,NA,NA,NA,NA
"ANDHRA PRADESH","ANANTHAPUR","SETTUR",NA,NA,NA,NA,NA
"ANDHRA PRADESH","ANANTHAPUR","SINGANAMALA",NA,NA,NA,NA,NA
"ANDHRA PRADESH","ANANTHAPUR","SOMANDEPALLE",NA,NA,NA,NA,NA
"ANDHRA PRADESH","ANANTHAPUR","TADIMARRI",NA,NA,NA,NA,NA
"ANDHRA PRADESH","ANANTHAPUR","TADPATRI",NA,NA,NA,NA,NA
"ANDHRA PRADESH","ANANTHAPUR","TALUPULA",NA,NA,NA,NA,NA
"ANDHRA PRADESH","ANANTHAPUR","TANAKAL",NA,NA,NA,NA,NA
"ANDHRA PRADESH","ANANTHAPUR","URAVAKONDA",NA,NA,NA,NA,NA
"ANDHRA PRADESH","ANANTHAPUR","VAJRAKARUR",NA,NA,NA,NA,NA
"ANDHRA PRADESH","ANANTHAPUR","VIDAPANAKAL",NA,NA,NA,NA,NA
"ANDHRA PRADESH","ANANTHAPUR","YADIKI",NA,NA,NA,NA,NA
"ANDHRA PRADESH","ANANTHAPUR","YELLANUR",NA,NA,NA,NA,NA
"ANDHRA PRADESH","CHITTOOR","B.KOTHAKOTA",0,0,0,0,0
"ANDHRA PRADESH","CHITTOOR","BAIREDDIPALLE",0,0,0,0,0
"ANDHRA PRADESH","CHITTOOR","BANGARUPALEM",0,0,0,0,0
"ANDHRA PRADESH","CHITTOOR","BUCHINAIDU KHANDRIGA",0,0,0,0,0
"ANDHRA PRADESH","CHITTOOR","CHANDRAGIRI",0,0,0,0,0
"ANDHRA PRADESH","CHITTOOR","CHINNAGOTTIGALLU",0,0,0,0,0
"ANDHRA PRADESH","CHITTOOR","CHITTOOR",0,0,0,0,0
"ANDHRA PRADESH","CHITTOOR","CHOWDE[ALLE",0,0,0,0,0
"ANDHRA PRADESH","CHITTOOR","GANGADHARA NELLORE",0,0,0,0,0
"ANDHRA PRADESH","CHITTOOR","GANGAVARAM",0,0,0,0,0
"ANDHRA PRADESH","CHITTOOR","GUDIPALA",0,0,0,0,0
"ANDHRA PRADESH","CHITTOOR","GUDUPALLE",0,0,0,0,0
"ANDHRA PRADESH","CHITTOOR","GURRAMKONDA",0,0,0,0,0
"ANDHRA PRADESH","CHITTOOR","IRALA",0,0,0,0,0
"ANDHRA PRADESH","CHITTOOR","K.V.B. PURAM",0,0,0,0,0
"ANDHRA PRADESH","CHITTOOR","KALAKADA",0,0,0,0,0
"ANDHRA PRADESH","CHITTOOR","KALIKIRI",NA,NA,NA,NA,NA
"ANDHRA PRADESH","CHITTOOR","KAMACHANDRA PURAM",NA,NA,NA,NA,NA
"ANDHRA PRADESH","CHITTOOR","KAMBHAMVARIPALLE",0,0,0,0,0
"ANDHRA PRADESH","CHITTOOR","KARVETINAGAR",0,0,0,0,0
"ANDHRA PRADESH","CHITTOOR","KUPPAM",0,0,0,0,0
"ANDHRA PRADESH","CHITTOOR","KURABALAKOTA",NA,NA,NA,NA,NA
"ANDHRA PRADESH","CHITTOOR","MADANAPALLE",0,0,0,0,0
"ANDHRA PRADESH","CHITTOOR","MULAKALACHERUVU",0,0,0,0,0
"ANDHRA PRADESH","CHITTOOR","NAGALAPURAM",NA,NA,NA,NA,NA
"ANDHRA PRADESH","CHITTOOR","NAGARI",NA,NA,NA,NA,NA
"ANDHRA PRADESH","CHITTOOR","NARAYANAVANAM",NA,NA,NA,NA,NA
"ANDHRA PRADESH","CHITTOOR","NIMMANAPALLE",0,0,0,0,0
"ANDHRA PRADESH","CHITTOOR","NINDRA",NA,NA,NA,NA,NA
"ANDHRA PRADESH","CHITTOOR","PAKALA",0,0,0,0,0
"ANDHRA PRADESH","CHITTOOR","PALAMANERU",0,0,0,0,0
"ANDHRA PRADESH","CHITTOOR","PALASAMUDRAM",NA,NA,NA,NA,NA
"ANDHRA PRADESH","CHITTOOR","PEDDAMANDYAM",0,0,0,0,0
"ANDHRA PRADESH","CHITTOOR","PEDDAPANJANI",0,0,0,0,0
"ANDHRA PRADESH","CHITTOOR","PEDDATHIPPASAMDRAM",0,0,0,0,0
"ANDHRA PRADESH","CHITTOOR","PENUMURU",0,0,0,0,0
"ANDHRA PRADESH","CHITTOOR","PICHATURU",0,0,0,0,0
"ANDHRA PRADESH","CHITTOOR","PILERU",0,0,0,0,0
"ANDHRA PRADESH","CHITTOOR","PULICHERLA",0,0,0,0,0
"ANDHRA PRADESH","CHITTOOR","PUNGANURU",0,0,0,0,0
"ANDHRA PRADESH","CHITTOOR","PUTHALAPATTU",0,0,0,0,0
"ANDHRA PRADESH","CHITTOOR","PUTTURU",0,0,0,0,0
"ANDHRA PRADESH","CHITTOOR","RAMAKUPPAM",0,0,0,0,0
"ANDHRA PRADESH","CHITTOOR","RAMASAMUDRAM",0,0,0,0,0
"ANDHRA PRADESH","CHITTOOR","RENIGUNTA",NA,NA,NA,NA,NA
"ANDHRA PRADESH","CHITTOOR","ROMPICHERLA",0,0,0,0,0
"ANDHRA PRADESH","CHITTOOR","SANTHIPURAM",0,0,0,0,0
"ANDHRA PRADESH","CHITTOOR","SATYAVEDU",NA,NA,NA,NA,NA
"ANDHRA PRADESH","CHITTOOR","SODAM",0,0,0,0,0
"ANDHRA PRADESH","CHITTOOR","SOMALA",0,0,0,0,0
"ANDHRA PRADESH","CHITTOOR","SRIKALAHASTI",0,0,0,0,0
"ANDHRA PRADESH","CHITTOOR","SRIRANGARAJAPURAM",0,0,0,0,0
"ANDHRA PRADESH","CHITTOOR","THAMBALLAPALLE",0,0,0,0,0
"ANDHRA PRADESH","CHITTOOR","THAVANAMPALLE",0,0,0,0,0
"ANDHRA PRADESH","CHITTOOR","THOTTAMBEDA",NA,NA,NA,NA,NA
"ANDHRA PRADESH","CHITTOOR","TIRUPATI (RURAL)",NA,NA,NA,NA,NA
"ANDHRA PRADESH","CHITTOOR","TIRUPATI (URBAN)",NA,NA,NA,NA,NA
"ANDHRA PRADESH","CHITTOOR","VADAMALAPETA",NA,NA,NA,NA,NA
"ANDHRA PRADESH","CHITTOOR","VARADAIAHPALEM",NA,NA,NA,NA,NA
"ANDHRA PRADESH","CHITTOOR","VAYALPAD",0,0,0,0,0
"ANDHRA PRADESH","CHITTOOR","VEDURUKUPPAM",0,0,0,0,0
"ANDHRA PRADESH","CHITTOOR","VENKATAGIRIKOTA",0,0,0,0,0
"ANDHRA PRADESH","CHITTOOR","VIJAYAPURAM",NA,NA,NA,NA,NA
"ANDHRA PRADESH","CHITTOOR","YADAMARI",0,0,0,0,0
"ANDHRA PRADESH","CHITTOOR","YERPEDU",NA,NA,NA,NA,NA
"ANDHRA PRADESH","CHITTOOR","YERRAVARIPALEM",0,0,0,0,0
"ANDHRA PRADESH","CUDDAPAH","ATLUR",0,0,0,0,0
"ANDHRA PRADESH","CUDDAPAH","B.KODUR",0,0,0,0,0
"ANDHRA PRADESH","CUDDAPAH","BADVEL",0,0,0,0,0
"ANDHRA PRADESH","CUDDAPAH","BRAHMAMGARIMATHAM",0,0,0,0,0
"ANDHRA PRADESH","CUDDAPAH","CHAKARAYAPET",0,0,0,0,0
"ANDHRA PRADESH","CUDDAPAH","CHAPAD",NA,NA,NA,NA,NA
"ANDHRA PRADESH","CUDDAPAH","CHENNAMANDEM",NA,NA,NA,NA,NA
"ANDHRA PRADESH","CUDDAPAH","CHENNUR",0,0,0,0,0
"ANDHRA PRADESH","CUDDAPAH","CHINTHAKOMMADINNE",0,0,0,0,0
"ANDHRA PRADESH","CUDDAPAH","CHITVEL",NA,NA,NA,NA,NA
"ANDHRA PRADESH","CUDDAPAH","CUDDAPAH",2,0,0,0,2
"ANDHRA PRADESH","CUDDAPAH","DUVVUR",0,0,0,0,0
"ANDHRA PRADESH","CUDDAPAH","GALIVEEDU",0,0,0,0,0
"ANDHRA PRADESH","CUDDAPAH","GOPAVARAM",0,0,0,0,0
"ANDHRA PRADESH","CUDDAPAH","JAMMALAMADUGU",0,0,0,0,0
"ANDHRA PRADESH","CUDDAPAH","KALASAPADU",0,0,0,0,0
"ANDHRA PRADESH","CUDDAPAH","KAMALAPURAM",0,0,0,0,0
"ANDHRA PRADESH","CUDDAPAH","KHAJIPET",0,0,0,0,0
"ANDHRA PRADESH","CUDDAPAH","KODUR",NA,NA,NA,NA,NA
"ANDHRA PRADESH","CUDDAPAH","KONDAPURAM",0,0,0,0,0
"ANDHRA PRADESH","CUDDAPAH","LAKKIREDDIPALLE",NA,NA,NA,NA,NA
"ANDHRA PRADESH","CUDDAPAH","LINGALA",0,0,0,0,0
"ANDHRA PRADESH","CUDDAPAH","MUDDANUR",0,0,0,0,0
"ANDHRA PRADESH","CUDDAPAH","MYLAVARAM",0,0,0,0,0
"ANDHRA PRADESH","CUDDAPAH","NANDALUR",0,0,0,0,0
"ANDHRA PRADESH","CUDDAPAH","OBULAVARIPALLE",0,0,0,0,0
"ANDHRA PRADESH","CUDDAPAH","PEDDAMUDIUM",0,0,0,0,0
"ANDHRA PRADESH","CUDDAPAH","PENAGALUR",0,0,0,0,0
"ANDHRA PRADESH","CUDDAPAH","PENDLIMARRI",0,0,0,0,0
"ANDHRA PRADESH","CUDDAPAH","PORUMAMILLA",0,0,0,0,0
"ANDHRA PRADESH","CUDDAPAH","PRODDUTUR",NA,NA,NA,NA,NA
"ANDHRA PRADESH","CUDDAPAH","PULIVENDLA",0,0,0,0,0
"ANDHRA PRADESH","CUDDAPAH","PULLAMPETA",0,0,0,0,0
"ANDHRA PRADESH","CUDDAPAH","RAJAMPET",0,0,0,0,0
"ANDHRA PRADESH","CUDDAPAH","RAJUPALEM",NA,NA,NA,NA,NA
"ANDHRA PRADESH","CUDDAPAH","RAMAPURAM",0,0,0,0,0
"ANDHRA PRADESH","CUDDAPAH","ROYACHOTI",0,0,0,0,0
"ANDHRA PRADESH","CUDDAPAH","S.MYDUKUR",0,0,0,0,0
"ANDHRA PRADESH","CUDDAPAH","SAMBEPALLE",NA,NA,NA,NA,NA
"ANDHRA PRADESH","CUDDAPAH","SIDHOUT",NA,NA,NA,NA,NA
"ANDHRA PRADESH","CUDDAPAH","SIMHADRIPURAM",0,0,0,0,0
"ANDHRA PRADESH","CUDDAPAH","T.SUNDUPALLE",NA,NA,NA,NA,NA
"ANDHRA PRADESH","CUDDAPAH","THONDUR",0,0,0,0,0
"ANDHRA PRADESH","CUDDAPAH","VALLUR",0,0,0,0,0
"ANDHRA PRADESH","CUDDAPAH","VEERABALLE",0,0,0,0,0
"ANDHRA PRADESH","CUDDAPAH","VEERAPUNAYUNIPALLE",0,0,0,0,0
"ANDHRA PRADESH","CUDDAPAH","VEMPALLE",0,0,0,0,0
"ANDHRA PRADESH","CUDDAPAH","VEMULA",0,0,0,0,0
"ANDHRA PRADESH","CUDDAPAH","VONTIMITTA",0,0,0,0,0
"ANDHRA PRADESH","CUDDAPAH","YERRAGUNTLA",0,0,0,0,0
"ANDHRA PRADESH","EAST GODAVARI","ADDATEEGALA",NA,NA,NA,NA,NA
"ANDHRA PRADESH","EAST GODAVARI","AINAVILLI",NA,NA,NA,NA,NA
"ANDHRA PRADESH","EAST GODAVARI","ALAMURU",NA,NA,NA,NA,NA
"ANDHRA PRADESH","EAST GODAVARI","ALLAVARAM",NA,NA,NA,NA,NA
"ANDHRA PRADESH","EAST GODAVARI","AMALAPURAM",NA,NA,NA,NA,NA
"ANDHRA PRADESH","EAST GODAVARI","AMBAJIPETA",NA,NA,NA,NA,NA
"ANDHRA PRADESH","EAST GODAVARI","ANAPARTHY",152,152,0,0,304
"ANDHRA PRADESH","EAST GODAVARI","ATREYAPURAM",NA,NA,NA,NA,NA
"ANDHRA PRADESH","EAST GODAVARI","BICCAVOLU",11,9,0,0,20
"ANDHRA PRADESH","EAST GODAVARI","DEVIPATNAM",NA,NA,NA,NA,NA
"ANDHRA PRADESH","EAST GODAVARI","GANDEPALLE",0,0,0,0,0
"ANDHRA PRADESH","EAST GODAVARI","GANGAVARAM",NA,NA,NA,NA,NA
"ANDHRA PRADESH","EAST GODAVARI","GOKAVARAM",0,0,0,0,0
"ANDHRA PRADESH","EAST GODAVARI","GOLLAPROLU",0,0,0,0,0
"ANDHRA PRADESH","EAST GODAVARI","I. POLAVARAM",NA,NA,NA,NA,NA
"ANDHRA PRADESH","EAST GODAVARI","JAGGAMPETA",16,0,0,0,16
"ANDHRA PRADESH","EAST GODAVARI","KADIAM",NA,NA,NA,NA,NA
"ANDHRA PRADESH","EAST GODAVARI","KAJULURU",NA,NA,NA,NA,NA
"ANDHRA PRADESH","EAST GODAVARI","KAKINADA RURAL",NA,NA,NA,NA,NA
"ANDHRA PRADESH","EAST GODAVARI","KAKINADA URBAN",NA,NA,NA,NA,NA
"ANDHRA PRADESH","EAST GODAVARI","KAPILESWARAPURAM",NA,NA,NA,NA,NA
"ANDHRA PRADESH","EAST GODAVARI","KARAPA",NA,NA,NA,NA,NA
"ANDHRA PRADESH","EAST GODAVARI","KATRENIKONA",NA,NA,NA,NA,NA
"ANDHRA PRADESH","EAST GODAVARI","KIRLAMPUDI",0,0,0,0,0
"ANDHRA PRADESH","EAST GODAVARI","KORUKONDA",2,0,0,0,2
"ANDHRA PRADESH","EAST GODAVARI","KOTANANDURU",NA,NA,NA,NA,NA
"ANDHRA PRADESH","EAST GODAVARI","KOTHAPALLE",NA,NA,NA,NA,NA
"ANDHRA PRADESH","EAST GODAVARI","KOTHAPETA",NA,NA,NA,NA,NA
"ANDHRA PRADESH","EAST GODAVARI","MALIKIPURAM",NA,NA,NA,NA,NA
"ANDHRA PRADESH","EAST GODAVARI","MAMIDIKUDURU",NA,NA,NA,NA,NA
"ANDHRA PRADESH","EAST GODAVARI","MANDAPETA",118,60,10,0,188
"ANDHRA PRADESH","EAST GODAVARI","MAREDUMILLI",NA,NA,NA,NA,NA
"ANDHRA PRADESH","EAST GODAVARI","MUMMIDIVARAM",NA,NA,NA,NA,NA
"ANDHRA PRADESH","EAST GODAVARI","P.GANNAVARAM",NA,NA,NA,NA,NA
"ANDHRA PRADESH","EAST GODAVARI","PAMARRU",NA,NA,NA,NA,NA
"ANDHRA PRADESH","EAST GODAVARI","PEDAPUDI",NA,NA,NA,NA,NA
"ANDHRA PRADESH","EAST GODAVARI","PEDDAPURAM",275,14,240,0,529
"ANDHRA PRADESH","EAST GODAVARI","PITHAPURAM",NA,NA,NA,NA,NA
"ANDHRA PRADESH","EAST GODAVARI","PRATHIPADU",0,0,0,0,0
"ANDHRA PRADESH","EAST GODAVARI","RAJAHMUNDRY RURAL",0,0,0,0,0
"ANDHRA PRADESH","EAST GODAVARI","RAJAHMUNDRY URBAN",NA,NA,NA,NA,NA
"ANDHRA PRADESH","EAST GODAVARI","RAJANAGARAM",0,0,0,0,0
"ANDHRA PRADESH","EAST GODAVARI","RAJAVOMMANGI",NA,NA,NA,NA,NA
"ANDHRA PRADESH","EAST GODAVARI","RAMACHANDRAPURAM",NA,NA,NA,NA,NA
"ANDHRA PRADESH","EAST GODAVARI","RAMPACHODAVARAM",NA,NA,NA,NA,NA
"ANDHRA PRADESH","EAST GODAVARI","RANGAMPETA",0,0,0,0,0
"ANDHRA PRADESH","EAST GODAVARI","RAVULAPALEM",NA,NA,NA,NA,NA
"ANDHRA PRADESH","EAST GODAVARI","RAYAVARAM",NA,NA,NA,NA,NA
"ANDHRA PRADESH","EAST GODAVARI","RAZOLE",NA,NA,NA,NA,NA
"ANDHRA PRADESH","EAST GODAVARI","SAKHINETIPALLE",NA,NA,NA,NA,NA
"ANDHRA PRADESH","EAST GODAVARI","SAMALKOTA",0,0,0,0,0
"ANDHRA PRADESH","EAST GODAVARI","SANKHAVARAM",0,0,0,0,0
"ANDHRA PRADESH","EAST GODAVARI","SEETHANAGARAM",0,0,0,0,0
"ANDHRA PRADESH","EAST GODAVARI","THALLAREVU",NA,NA,NA,NA,NA
"ANDHRA PRADESH","EAST GODAVARI","THONDANGI",79,0,0,0,79
"ANDHRA PRADESH","EAST GODAVARI","TUNI",NA,NA,NA,NA,NA
"ANDHRA PRADESH","EAST GODAVARI","UPPALAGUPTAM",NA,NA,NA,NA,NA
"ANDHRA PRADESH","EAST GODAVARI","Y. RAMAVARAM",NA,NA,NA,NA,NA
"ANDHRA PRADESH","EAST GODAVARI","YELESWARAM",NA,NA,NA,NA,NA
"ANDHRA PRADESH","GUNTUR","ACHAMPET",NA,NA,NA,NA,NA
"ANDHRA PRADESH","GUNTUR","AMARAVATHI",NA,NA,NA,NA,NA
"ANDHRA PRADESH","GUNTUR","AMRUTHALUR",NA,NA,NA,NA,NA
"ANDHRA PRADESH","GUNTUR","BAPATLA",NA,NA,NA,NA,NA
"ANDHRA PRADESH","GUNTUR","BELLAMKONDA",NA,NA,NA,NA,NA
"ANDHRA PRADESH","GUNTUR","BHATTIPROLU",NA,NA,NA,NA,NA
"ANDHRA PRADESH","GUNTUR","BOLLAPALLE",NA,NA,NA,NA,NA
"ANDHRA PRADESH","GUNTUR","CHEBROLE",NA,NA,NA,NA,NA
"ANDHRA PRADESH","GUNTUR","CHERUKUPALLE",NA,NA,NA,NA,NA
"ANDHRA PRADESH","GUNTUR","CHILAKALURIPET",NA,NA,NA,NA,NA
"ANDHRA PRADESH","GUNTUR","DACHEPALLE",NA,NA,NA,NA,NA
"ANDHRA PRADESH","GUNTUR","DUGGIRALA",NA,NA,NA,NA,NA
"ANDHRA PRADESH","GUNTUR","DURGI",0,0,0,0,0
"ANDHRA PRADESH","GUNTUR","EDLAPADU",NA,NA,NA,NA,NA
"ANDHRA PRADESH","GUNTUR","GUNTUR",NA,NA,NA,NA,NA
"ANDHRA PRADESH","GUNTUR","GURAZALA",NA,NA,NA,NA,NA
"ANDHRA PRADESH","GUNTUR","IPUR",NA,NA,NA,NA,NA
"ANDHRA PRADESH","GUNTUR","KAKUMANU",NA,NA,NA,NA,NA
"ANDHRA PRADESH","GUNTUR","KAREMPUDI",NA,NA,NA,NA,NA
"ANDHRA PRADESH","GUNTUR","KARLAPALEM",NA,NA,NA,NA,NA
"ANDHRA PRADESH","GUNTUR","KOLLIPARA",NA,NA,NA,NA,NA
"ANDHRA PRADESH","GUNTUR","KOLLUR",NA,NA,NA,NA,NA
"ANDHRA PRADESH","GUNTUR","KROSURU",NA,NA,NA,NA,NA
"ANDHRA PRADESH","GUNTUR","MACHAVARAM",NA,NA,NA,NA,NA
"ANDHRA PRADESH","GUNTUR","MACHERLA",0,0,0,0,0
"ANDHRA PRADESH","GUNTUR","MANGALAGIRI",NA,NA,NA,NA,NA
"ANDHRA PRADESH","GUNTUR","MEDIKONDURU",NA,NA,NA,NA,NA
"ANDHRA PRADESH","GUNTUR","MUPPALLA",NA,NA,NA,NA,NA
"ANDHRA PRADESH","GUNTUR","NADENDLA",NA,NA,NA,NA,NA
"ANDHRA PRADESH","GUNTUR","NAGARAM",NA,NA,NA,NA,NA
"ANDHRA PRADESH","GUNTUR","NARASARAOPET",NA,NA,NA,NA,NA
"ANDHRA PRADESH","GUNTUR","NEKARIKALLU",NA,NA,NA,NA,NA
"ANDHRA PRADESH","GUNTUR","NIZAMPATNAM",NA,NA,NA,NA,NA
"ANDHRA PRADESH","GUNTUR","NUZENDLA",NA,NA,NA,NA,NA
"ANDHRA PRADESH","GUNTUR","PEDAKAKANI",NA,NA,NA,NA,NA
"ANDHRA PRADESH","GUNTUR","PEDAKURAPADU",NA,NA,NA,NA,NA
"ANDHRA PRADESH","GUNTUR","PEDANANDIPADU",NA,NA,NA,NA,NA
"ANDHRA PRADESH","GUNTUR","PHIRANGIPURAM",NA,NA,NA,NA,NA
"ANDHRA PRADESH","GUNTUR","PIDUGURALLA",NA,NA,NA,NA,NA
"ANDHRA PRADESH","GUNTUR","PITTALAVANIPALEM",NA,NA,NA,NA,NA
"ANDHRA PRADESH","GUNTUR","PONNUR",NA,NA,NA,NA,NA
"ANDHRA PRADESH","GUNTUR","PRATHIPADU",NA,NA,NA,NA,NA
"ANDHRA PRADESH","GUNTUR","RAJUPALEM",NA,NA,NA,NA,NA
"ANDHRA PRADESH","GUNTUR","RENTACHINTALA",NA,NA,NA,NA,NA
"ANDHRA PRADESH","GUNTUR","REPALLE",NA,NA,NA,NA,NA
"ANDHRA PRADESH","GUNTUR","ROMPICHERLA",NA,NA,NA,NA,NA
"ANDHRA PRADESH","GUNTUR","SATTENAPALLE",NA,NA,NA,NA,NA
"ANDHRA PRADESH","GUNTUR","SAV'PURAM KANUM'PUDI",NA,NA,NA,NA,NA
"ANDHRA PRADESH","GUNTUR","TADEPALLE",NA,NA,NA,NA,NA
"ANDHRA PRADESH","GUNTUR","TADIKONDA",NA,NA,NA,NA,NA
"ANDHRA PRADESH","GUNTUR","TENALI",NA,NA,NA,NA,NA
"ANDHRA PRADESH","GUNTUR","THULLUR",NA,NA,NA,NA,NA
"ANDHRA PRADESH","GUNTUR","TSUNDUR",NA,NA,NA,NA,NA
"ANDHRA PRADESH","GUNTUR","VATTICHERUKURU",NA,NA,NA,NA,NA
"ANDHRA PRADESH","GUNTUR","VELDURTHY",NA,NA,NA,NA,NA
"ANDHRA PRADESH","GUNTUR","VEMURU",NA,NA,NA,NA,NA
"ANDHRA PRADESH","GUNTUR","VINUKONDA",NA,NA,NA,NA,NA
"ANDHRA PRADESH","HYDERABAD","CHARMINAR",NA,NA,NA,NA,NA
"ANDHRA PRADESH","HYDERABAD","GOLCONDA",NA,NA,NA,NA,NA
"ANDHRA PRADESH","HYDERABAD","MUSHEERABAD",NA,NA,NA,NA,NA
"ANDHRA PRADESH","HYDERABAD","SECUNDERABAD",NA,NA,NA,NA,NA
"ANDHRA PRADESH","KARIMNAGAR","BEJJANKI",NA,NA,NA,NA,NA
"ANDHRA PRADESH","KARIMNAGAR","BHEEMADEVARPALLE",NA,NA,NA,NA,NA
"ANDHRA PRADESH","KARIMNAGAR","BOINPALLE",NA,NA,NA,NA,NA
"ANDHRA PRADESH","KARIMNAGAR","CHANDURTHI",NA,NA,NA,NA,NA
"ANDHRA PRADESH","KARIMNAGAR","CHIGURUMAMIDI",NA,NA,NA,NA,NA
"ANDHRA PRADESH","KARIMNAGAR","CHOPPADANDI",NA,NA,NA,NA,NA
"ANDHRA PRADESH","KARIMNAGAR","DHARMAPURI",NA,NA,NA,NA,NA
"ANDHRA PRADESH","KARIMNAGAR","DHARMARAM",NA,NA,NA,NA,NA
"ANDHRA PRADESH","KARIMNAGAR","ELKATHURTHI",NA,NA,NA,NA,NA
"ANDHRA PRADESH","KARIMNAGAR","ELLANTHAKUNTA",NA,NA,NA,NA,NA
"ANDHRA PRADESH","KARIMNAGAR","GAMBHIRAOPET",NA,NA,NA,NA,NA
"ANDHRA PRADESH","KARIMNAGAR","GANGADHARA",NA,NA,NA,NA,NA
"ANDHRA PRADESH","KARIMNAGAR","GOLLAPALLE",NA,NA,NA,NA,NA
"ANDHRA PRADESH","KARIMNAGAR","HUSNABAD",NA,NA,NA,NA,NA
"ANDHRA PRADESH","KARIMNAGAR","HUZURABAD",NA,NA,NA,NA,NA
"ANDHRA PRADESH","KARIMNAGAR","IBRAHIMPATNAM",NA,NA,NA,NA,NA
"ANDHRA PRADESH","KARIMNAGAR","JAGTIAL",NA,NA,NA,NA,NA
"ANDHRA PRADESH","KARIMNAGAR","JAMMIKUNTA",NA,NA,NA,NA,NA
"ANDHRA PRADESH","KARIMNAGAR","JULAPALLE",NA,NA,NA,NA,NA
"ANDHRA PRADESH","KARIMNAGAR","KAMALAPUR",NA,NA,NA,NA,NA
"ANDHRA PRADESH","KARIMNAGAR","KAMANPUR",NA,NA,NA,NA,NA
"ANDHRA PRADESH","KARIMNAGAR","KARIMNAGAR",NA,NA,NA,NA,NA
"ANDHRA PRADESH","KARIMNAGAR","KATARAM",0,0,0,0,0
"ANDHRA PRADESH","KARIMNAGAR","KATHLAPUR",NA,NA,NA,NA,NA
"ANDHRA PRADESH","KARIMNAGAR","KODIMIAL",NA,NA,NA,NA,NA
"ANDHRA PRADESH","KARIMNAGAR","KOHEDA",NA,NA,NA,NA,NA
"ANDHRA PRADESH","KARIMNAGAR","KONARAOPETA",NA,NA,NA,NA,NA
"ANDHRA PRADESH","KARIMNAGAR","KORATLA",NA,NA,NA,NA,NA
"ANDHRA PRADESH","KARIMNAGAR","MAHADEVPUR",0,0,0,0,0
"ANDHRA PRADESH","KARIMNAGAR","MAHADEVPUR",0,0,0,0,0
"ANDHRA PRADESH","KARIMNAGAR","MALHARRAO MANDAL",0,0,0,0,0
"ANDHRA PRADESH","KARIMNAGAR","MALLAPUR",NA,NA,NA,NA,NA
"ANDHRA PRADESH","KARIMNAGAR","MALLIAL",NA,NA,NA,NA,NA
"ANDHRA PRADESH","KARIMNAGAR","MANAKONDUR",NA,NA,NA,NA,NA
"ANDHRA PRADESH","KARIMNAGAR","MANTHANI",0,0,0,0,0
"ANDHRA PRADESH","KARIMNAGAR","MANTHANI",0,0,0,0,0
"ANDHRA PRADESH","KARIMNAGAR","MEDIPALLE",NA,NA,NA,NA,NA
"ANDHRA PRADESH","KARIMNAGAR","METPALLE",NA,NA,NA,NA,NA
"ANDHRA PRADESH","KARIMNAGAR","MUSTABAD",NA,NA,NA,NA,NA
"ANDHRA PRADESH","KARIMNAGAR","ODELA",NA,NA,NA,NA,NA
"ANDHRA PRADESH","KARIMNAGAR","PEDDAPALLE",NA,NA,NA,NA,NA
"ANDHRA PRADESH","KARIMNAGAR","PEGADAPALLE",NA,NA,NA,NA,NA
"ANDHRA PRADESH","KARIMNAGAR","RAIKAL",NA,NA,NA,NA,NA
"ANDHRA PRADESH","KARIMNAGAR","RAMADUGU",NA,NA,NA,NA,NA
"ANDHRA PRADESH","KARIMNAGAR","RAMAGUNDAM",NA,NA,NA,NA,NA
"ANDHRA PRADESH","KARIMNAGAR","SAIDAPUR",NA,NA,NA,NA,NA
"ANDHRA PRADESH","KARIMNAGAR","SARANGAPUR",NA,NA,NA,NA,NA
"ANDHRA PRADESH","KARIMNAGAR","SHANKARA PATNAM",NA,NA,NA,NA,NA
"ANDHRA PRADESH","KARIMNAGAR","SIRSILLA",NA,NA,NA,NA,NA
"ANDHRA PRADESH","KARIMNAGAR","SRIRAMPUR",NA,NA,NA,NA,NA
"ANDHRA PRADESH","KARIMNAGAR","SULTANABAD",NA,NA,NA,NA,NA
"ANDHRA PRADESH","KARIMNAGAR","THIMMAPUR",NA,NA,NA,NA,NA
"ANDHRA PRADESH","KARIMNAGAR","VEENAVANKA",NA,NA,NA,NA,NA
"ANDHRA PRADESH","KARIMNAGAR","VELGATOOR",NA,NA,NA,NA,NA
"ANDHRA PRADESH","KARIMNAGAR","VEMULAWADA",NA,NA,NA,NA,NA
"ANDHRA PRADESH","KARIMNAGAR","YELLAREDDIPETA",NA,NA,NA,NA,NA
"ANDHRA PRADESH","KHAMMAM","ASWAPURAM",NA,NA,NA,NA,NA
"ANDHRA PRADESH","KHAMMAM","ASWARAOPETA",0,0,0,0,0
"ANDHRA PRADESH","KHAMMAM","BAYYARAM",NA,NA,NA,NA,NA
"ANDHRA PRADESH","KHAMMAM","BHADRACHALAM",NA,NA,NA,NA,NA
"ANDHRA PRADESH","KHAMMAM","BONAKAL",0,0,0,0,0
"ANDHRA PRADESH","KHAMMAM","BURGAMPADU",NA,NA,NA,NA,NA
"ANDHRA PRADESH","KHAMMAM","CHANDRUGONDA",NA,NA,NA,NA,NA
"ANDHRA PRADESH","KHAMMAM","CHERLA",NA,NA,NA,NA,NA
"ANDHRA PRADESH","KHAMMAM","CHINTHAKANI",NA,NA,NA,NA,NA
"ANDHRA PRADESH","KHAMMAM","CHINTUR",NA,NA,NA,NA,NA
"ANDHRA PRADESH","KHAMMAM","DAMMAPETA",0,0,0,0,0
"ANDHRA PRADESH","KHAMMAM","DUMMUGUDEM",NA,NA,NA,NA,NA
"ANDHRA PRADESH","KHAMMAM","ENKURU",NA,NA,NA,NA,NA
"ANDHRA PRADESH","KHAMMAM","GARLA",NA,NA,NA,NA,NA
"ANDHRA PRADESH","KHAMMAM","GUNDALA",NA,NA,NA,NA,NA
"ANDHRA PRADESH","KHAMMAM","JULURPAD",NA,NA,NA,NA,NA
"ANDHRA PRADESH","KHAMMAM","KALLURU",NA,NA,NA,NA,NA
"ANDHRA PRADESH","KHAMMAM","KAMEPALLE",NA,NA,NA,NA,NA
"ANDHRA PRADESH","KHAMMAM","KHAMMAM (RURAL)",NA,NA,NA,NA,NA
"ANDHRA PRADESH","KHAMMAM","KHAMMAM (URBAN)",NA,NA,NA,NA,NA
"ANDHRA PRADESH","KHAMMAM","KONIJERLA",NA,NA,NA,NA,NA
"ANDHRA PRADESH","KHAMMAM","KOTHAGUDEM",0,0,0,0,0
"ANDHRA PRADESH","KHAMMAM","KUKUNOOR",NA,NA,NA,NA,NA
"ANDHRA PRADESH","KHAMMAM","KUNAVARAM",NA,NA,NA,NA,NA
"ANDHRA PRADESH","KHAMMAM","KUSUMANCHI",NA,NA,NA,NA,NA
"ANDHRA PRADESH","KHAMMAM","MADHIRA",NA,NA,NA,NA,NA
"ANDHRA PRADESH","KHAMMAM","MANUGUR",NA,NA,NA,NA,NA
"ANDHRA PRADESH","KHAMMAM","MUDIGONDA",NA,NA,NA,NA,NA
"ANDHRA PRADESH","KHAMMAM","MULAKALAPALLE",NA,NA,NA,NA,NA
"ANDHRA PRADESH","KHAMMAM","NELAKONDAPALLE",NA,NA,NA,NA,NA
"ANDHRA PRADESH","KHAMMAM","PALWANCHA",NA,NA,NA,NA,NA
"ANDHRA PRADESH","KHAMMAM","PENUBALLI",NA,NA,NA,NA,NA
"ANDHRA PRADESH","KHAMMAM","PINAPAKA",NA,NA,NA,NA,NA
"ANDHRA PRADESH","KHAMMAM","SATHUPALLE",0,0,0,0,0
"ANDHRA PRADESH","KHAMMAM","SINGARENI",NA,NA,NA,NA,NA
"ANDHRA PRADESH","KHAMMAM","TEKULAPALLE",0,0,0,0,0
"ANDHRA PRADESH","KHAMMAM","THALLADA",NA,NA,NA,NA,NA
"ANDHRA PRADESH","KHAMMAM","THIRUMALAYAPALEM",NA,NA,NA,NA,NA
"ANDHRA PRADESH","KHAMMAM","VARARAMACHANDRAPURAM",NA,NA,NA,NA,NA
"ANDHRA PRADESH","KHAMMAM","VELAIRPAD",NA,NA,NA,NA,NA
"ANDHRA PRADESH","KHAMMAM","VEMSOOR",NA,NA,NA,NA,NA
"ANDHRA PRADESH","KHAMMAM","VENKATAPURAM",NA,NA,NA,NA,NA
"ANDHRA PRADESH","KHAMMAM","WAZEED",NA,NA,NA,NA,NA
"ANDHRA PRADESH","KHAMMAM","WYRA",NA,NA,NA,NA,NA
"ANDHRA PRADESH","KHAMMAM","YELLANDU",NA,NA,NA,NA,NA
"ANDHRA PRADESH","KHAMMAM","YERRUPALEM",NA,NA,NA,NA,NA
"ANDHRA PRADESH","KRISHNA","A.KONDURU",NA,NA,NA,NA,NA
"ANDHRA PRADESH","KRISHNA","AGIRIPALLE",0,0,0,0,0
"ANDHRA PRADESH","KRISHNA","AVANIGADDA",NA,NA,NA,NA,NA
"ANDHRA PRADESH","KRISHNA","BANTUMILLI",NA,NA,NA,NA,NA
"ANDHRA PRADESH","KRISHNA","BAPULAPADU",0,0,0,0,0
"ANDHRA PRADESH","KRISHNA","CHALLAPALLE",NA,NA,NA,NA,NA
"ANDHRA PRADESH","KRISHNA","CHANDARLAPADU",NA,NA,NA,NA,NA
"ANDHRA PRADESH","KRISHNA","CHATRAI",0,0,0,0,0
"ANDHRA PRADESH","KRISHNA","G.KONDURU",0,0,0,0,0
"ANDHRA PRADESH","KRISHNA","GAMPALAGUDEM",NA,NA,NA,NA,NA
"ANDHRA PRADESH","KRISHNA","GANNAVARAM",NA,NA,NA,NA,NA
"ANDHRA PRADESH","KRISHNA","GHANTASALA",NA,NA,NA,NA,NA
"ANDHRA PRADESH","KRISHNA","GUDIVADA",NA,NA,NA,NA,NA
"ANDHRA PRADESH","KRISHNA","GUDLAVALLERU",NA,NA,NA,NA,NA
"ANDHRA PRADESH","KRISHNA","GUDUR",NA,NA,NA,NA,NA
"ANDHRA PRADESH","KRISHNA","IBRAHIMPATNAM",NA,NA,NA,NA,NA
"ANDHRA PRADESH","KRISHNA","JAGGAYYAPETA",NA,NA,NA,NA,NA
"ANDHRA PRADESH","KRISHNA","KAIKALUR",NA,NA,NA,NA,NA
"ANDHRA PRADESH","KRISHNA","KALIDINDI",NA,NA,NA,NA,NA
"ANDHRA PRADESH","KRISHNA","KANCHIKACHERLA",NA,NA,NA,NA,NA
"ANDHRA PRADESH","KRISHNA","KANKIPADU",NA,NA,NA,NA,NA
"ANDHRA PRADESH","KRISHNA","KODURU",NA,NA,NA,NA,NA
"ANDHRA PRADESH","KRISHNA","KRUTHIVENNU",NA,NA,NA,NA,NA
"ANDHRA PRADESH","KRISHNA","MACHILIPATNAM",NA,NA,NA,NA,NA
"ANDHRA PRADESH","KRISHNA","MANDAVALLI",NA,NA,NA,NA,NA
"ANDHRA PRADESH","KRISHNA","MOPIDEVI",NA,NA,NA,NA,NA
"ANDHRA PRADESH","KRISHNA","MOVVA",NA,NA,NA,NA,NA
"ANDHRA PRADESH","KRISHNA","MUDINEPALLE",NA,NA,NA,NA,NA
"ANDHRA PRADESH","KRISHNA","MUSUNURU",51,6,0,0,57
"ANDHRA PRADESH","KRISHNA","MYLAVARAM",NA,NA,NA,NA,NA
"ANDHRA PRADESH","KRISHNA","NAGAYALANKA",NA,NA,NA,NA,NA
"ANDHRA PRADESH","KRISHNA","NANDIGAMA",NA,NA,NA,NA,NA
"ANDHRA PRADESH","KRISHNA","NANDIVADA",NA,NA,NA,NA,NA
"ANDHRA PRADESH","KRISHNA","NUZVID",0,0,0,0,0
"ANDHRA PRADESH","KRISHNA","PAMARRU",0,0,0,0,0
"ANDHRA PRADESH","KRISHNA","PAMIDIMUKKALA",NA,NA,NA,NA,NA
"ANDHRA PRADESH","KRISHNA","PEDANA",NA,NA,NA,NA,NA
"ANDHRA PRADESH","KRISHNA","PEDAPARUPUDI",NA,NA,NA,NA,NA
"ANDHRA PRADESH","KRISHNA","PENAMALURU",NA,NA,NA,NA,NA
"ANDHRA PRADESH","KRISHNA","PENUGANCHIPROLU",NA,NA,NA,NA,NA
"ANDHRA PRADESH","KRISHNA","REDDIGUDEM",NA,NA,NA,NA,NA
"ANDHRA PRADESH","KRISHNA","THOTLAVALLURU",NA,NA,NA,NA,NA
"ANDHRA PRADESH","KRISHNA","TIRUVURU",NA,NA,NA,NA,NA
"ANDHRA PRADESH","KRISHNA","UNGUTURU",0,0,0,0,0
"ANDHRA PRADESH","KRISHNA","VATSAVAI",NA,NA,NA,NA,NA
"ANDHRA PRADESH","KRISHNA","VEERULLAPADU",2,5,0,0,7
"ANDHRA PRADESH","KRISHNA","VIJAYAWADA (URBAN)",NA,NA,NA,NA,NA
"ANDHRA PRADESH","KRISHNA","VIJAYAWADA RURAL",NA,NA,NA,NA,NA
"ANDHRA PRADESH","KRISHNA","VISSANNAPET",NA,NA,NA,NA,NA
"ANDHRA PRADESH","KRISHNA","VUYYURU",NA,NA,NA,NA,NA
"ANDHRA PRADESH","KURNOOL","ADONI",NA,NA,NA,NA,NA
"ANDHRA PRADESH","KURNOOL","ALLAGADDA",13,0,0,0,13
"ANDHRA PRADESH","KURNOOL","ALUR",NA,NA,NA,NA,NA
"ANDHRA PRADESH","KURNOOL","ASPARI",NA,NA,NA,NA,NA
"ANDHRA PRADESH","KURNOOL","ATMAKUR",NA,NA,NA,NA,NA
"ANDHRA PRADESH","KURNOOL","BANAGANAPALLE",NA,NA,NA,NA,NA
"ANDHRA PRADESH","KURNOOL","BANDI ATMAKUR",NA,NA,NA,NA,NA
"ANDHRA PRADESH","KURNOOL","BETHAMCHERLA",NA,NA,NA,NA,NA
"ANDHRA PRADESH","KURNOOL","C.BELAGAL",NA,NA,NA,NA,NA
"ANDHRA PRADESH","KURNOOL","CHAGALAMARRI",0,0,0,0,0
"ANDHRA PRADESH","KURNOOL","CHIPPAGIRI",NA,NA,NA,NA,NA
"ANDHRA PRADESH","KURNOOL","DEVANAKONDA",NA,NA,NA,NA,NA
"ANDHRA PRADESH","KURNOOL","DHONE",NA,NA,NA,NA,NA
"ANDHRA PRADESH","KURNOOL","DORNIPADU",NA,NA,NA,NA,NA
"ANDHRA PRADESH","KURNOOL","GADIVEMULA",NA,NA,NA,NA,NA
"ANDHRA PRADESH","KURNOOL","GONEGANDLA",NA,NA,NA,NA,NA
"ANDHRA PRADESH","KURNOOL","GOSPADU",NA,NA,NA,NA,NA
"ANDHRA PRADESH","KURNOOL","GUDUR",NA,NA,NA,NA,NA
"ANDHRA PRADESH","KURNOOL","HALAHARVI",NA,NA,NA,NA,NA
"ANDHRA PRADESH","KURNOOL","HOLAGUNDA",NA,NA,NA,NA,NA
"ANDHRA PRADESH","KURNOOL","JUPADU BUNGALOW",NA,NA,NA,NA,NA
"ANDHRA PRADESH","KURNOOL","KALLUR",NA,NA,NA,NA,NA
"ANDHRA PRADESH","KURNOOL","KODUMUR",NA,NA,NA,NA,NA
"ANDHRA PRADESH","KURNOOL","KOILKUNTLA",NA,NA,NA,NA,NA
"ANDHRA PRADESH","KURNOOL","KOLIMIGUNDLA",NA,NA,NA,NA,NA
"ANDHRA PRADESH","KURNOOL","KOSIGI",NA,NA,NA,NA,NA
"ANDHRA PRADESH","KURNOOL","KOTHAPALLE",0,0,0,0,0
"ANDHRA PRADESH","KURNOOL","KOWTHALAM",NA,NA,NA,NA,NA
"ANDHRA PRADESH","KURNOOL","KRISHNAGIRI",NA,NA,NA,NA,NA
"ANDHRA PRADESH","KURNOOL","KURNOOL",NA,NA,NA,NA,NA
"ANDHRA PRADESH","KURNOOL","MADDIKERA (EAST)",NA,NA,NA,NA,NA
"ANDHRA PRADESH","KURNOOL","MAHANANDI",NA,NA,NA,NA,NA
"ANDHRA PRADESH","KURNOOL","MANTRALAYAM",NA,NA,NA,NA,NA
"ANDHRA PRADESH","KURNOOL","MIDTHUR",NA,NA,NA,NA,NA
"ANDHRA PRADESH","KURNOOL","NANDAVARAM",NA,NA,NA,NA,NA
"ANDHRA PRADESH","KURNOOL","NANDIKOTKUR",0,0,0,0,0
"ANDHRA PRADESH","KURNOOL","NANDYAL",NA,NA,NA,NA,NA
"ANDHRA PRADESH","KURNOOL","ORVAKAL",0,0,0,0,0
"ANDHRA PRADESH","KURNOOL","OWK",NA,NA,NA,NA,NA
"ANDHRA PRADESH","KURNOOL","PAGIDYALA",NA,NA,NA,NA,NA
"ANDHRA PRADESH","KURNOOL","PAMULAPADU",NA,NA,NA,NA,NA
"ANDHRA PRADESH","KURNOOL","PANYAM",NA,NA,NA,NA,NA
"ANDHRA PRADESH","KURNOOL","PATTIKONDA",0,0,0,0,0
"ANDHRA PRADESH","KURNOOL","PEAPALLY",0,0,0,0,0
"ANDHRA PRADESH","KURNOOL","PEDDA KADALUR",NA,NA,NA,NA,NA
"ANDHRA PRADESH","KURNOOL","RUDRAVARAM",0,0,0,0,0
"ANDHRA PRADESH","KURNOOL","SANJAMALA",NA,NA,NA,NA,NA
"ANDHRA PRADESH","KURNOOL","SIRVEL",0,0,0,0,0
"ANDHRA PRADESH","KURNOOL","SRISAILAM",NA,NA,NA,NA,NA
"ANDHRA PRADESH","KURNOOL","TUGGALI",NA,NA,NA,NA,NA
"ANDHRA PRADESH","KURNOOL","UYYALAWADA",NA,NA,NA,NA,NA
"ANDHRA PRADESH","KURNOOL","VELDURTHI",NA,NA,NA,NA,NA
"ANDHRA PRADESH","KURNOOL","VELGODE",NA,NA,NA,NA,NA
"ANDHRA PRADESH","KURNOOL","YEMMIGANUR",NA,NA,NA,NA,NA
"ANDHRA PRADESH","MAHABOOB NAGAR","ACHAMPETA",0,0,0,0,0
"ANDHRA PRADESH","MAHABOOB NAGAR","ADDAKAL",NA,NA,NA,NA,NA
"ANDHRA PRADESH","MAHABOOB NAGAR","AIZA",NA,NA,NA,NA,NA
"ANDHRA PRADESH","MAHABOOB NAGAR","ALAMPUR",NA,NA,NA,NA,NA
"ANDHRA PRADESH","MAHABOOB NAGAR","AMANGAL",NA,NA,NA,NA,NA
"ANDHRA PRADESH","MAHABOOB NAGAR","AMRABAD",NA,NA,NA,NA,NA
"ANDHRA PRADESH","MAHABOOB NAGAR","ATMAKUR",NA,NA,NA,NA,NA
"ANDHRA PRADESH","MAHABOOB NAGAR","BALANAGAR",NA,NA,NA,NA,NA
"ANDHRA PRADESH","MAHABOOB NAGAR","BALMOOR",NA,NA,NA,NA,NA
"ANDHRA PRADESH","MAHABOOB NAGAR","BHOOTHPUR",NA,NA,NA,NA,NA
"ANDHRA PRADESH","MAHABOOB NAGAR","BIJINAPALLE",NA,NA,NA,NA,NA
"ANDHRA PRADESH","MAHABOOB NAGAR","BOMRASPETA",NA,NA,NA,NA,NA
"ANDHRA PRADESH","MAHABOOB NAGAR","CHINNACHITAKUNTA",NA,NA,NA,NA,NA
"ANDHRA PRADESH","MAHABOOB NAGAR","DAMARAGIDDA",NA,NA,NA,NA,NA
"ANDHRA PRADESH","MAHABOOB NAGAR","DEVARAKADARA",NA,NA,NA,NA,NA
"ANDHRA PRADESH","MAHABOOB NAGAR","DHANWADA",NA,NA,NA,NA,NA
"ANDHRA PRADESH","MAHABOOB NAGAR","DHARUR",NA,NA,NA,NA,NA
"ANDHRA PRADESH","MAHABOOB NAGAR","DOULATABAD",NA,NA,NA,NA,NA
"ANDHRA PRADESH","MAHABOOB NAGAR","FAROOQNAGAR",NA,NA,NA,NA,NA
"ANDHRA PRADESH","MAHABOOB NAGAR","GADWAL",NA,NA,NA,NA,NA
"ANDHRA PRADESH","MAHABOOB NAGAR","GHANPUR",NA,NA,NA,NA,NA
"ANDHRA PRADESH","MAHABOOB NAGAR","GHATTU",NA,NA,NA,NA,NA
"ANDHRA PRADESH","MAHABOOB NAGAR","GOPALPETA",NA,NA,NA,NA,NA
"ANDHRA PRADESH","MAHABOOB NAGAR","HANWADA",0,0,0,0,0
"ANDHRA PRADESH","MAHABOOB NAGAR","ITIKYAL",0,0,0,0,0
"ANDHRA PRADESH","MAHABOOB NAGAR","JADCHERLA",NA,NA,NA,NA,NA
"ANDHRA PRADESH","MAHABOOB NAGAR","KALWAKURTHY",NA,NA,NA,NA,NA
"ANDHRA PRADESH","MAHABOOB NAGAR","KESHAMPETA",NA,NA,NA,NA,NA
"ANDHRA PRADESH","MAHABOOB NAGAR","KODAIR",NA,NA,NA,NA,NA
"ANDHRA PRADESH","MAHABOOB NAGAR","KODANGAL",NA,NA,NA,NA,NA
"ANDHRA PRADESH","MAHABOOB NAGAR","KOILKONDA",NA,NA,NA,NA,NA
"ANDHRA PRADESH","MAHABOOB NAGAR","KOLLAPUR",NA,NA,NA,NA,NA
"ANDHRA PRADESH","MAHABOOB NAGAR","KONDURG",NA,NA,NA,NA,NA
"ANDHRA PRADESH","MAHABOOB NAGAR","KOSGI",NA,NA,NA,NA,NA
"ANDHRA PRADESH","MAHABOOB NAGAR","KOTHAKOTA",NA,NA,NA,NA,NA
"ANDHRA PRADESH","MAHABOOB NAGAR","KOTHUR",NA,NA,NA,NA,NA
"ANDHRA PRADESH","MAHABOOB NAGAR","LINGAL",NA,NA,NA,NA,NA
"ANDHRA PRADESH","MAHABOOB NAGAR","MADDUR",NA,NA,NA,NA,NA
"ANDHRA PRADESH","MAHABOOB NAGAR","MADGUL",NA,NA,NA,NA,NA
"ANDHRA PRADESH","MAHABOOB NAGAR","MAGANOOR",NA,NA,NA,NA,NA
"ANDHRA PRADESH","MAHABOOB NAGAR","MAHBUBNAGAR",0,0,0,0,0
"ANDHRA PRADESH","MAHABOOB NAGAR","MAKTHAL",NA,NA,NA,NA,NA
"ANDHRA PRADESH","MAHABOOB NAGAR","MALDAKAL",NA,NA,NA,NA,NA
"ANDHRA PRADESH","MAHABOOB NAGAR","MANOPADU",NA,NA,NA,NA,NA
"ANDHRA PRADESH","MAHABOOB NAGAR","MIDJIL",NA,NA,NA,NA,NA
"ANDHRA PRADESH","MAHABOOB NAGAR","NAGARKURNOOL",NA,NA,NA,NA,NA
"ANDHRA PRADESH","MAHABOOB NAGAR","NARAYANPET",NA,NA,NA,NA,NA
"ANDHRA PRADESH","MAHABOOB NAGAR","NARVA",NA,NA,NA,NA,NA
"ANDHRA PRADESH","MAHABOOB NAGAR","NAWABPET",NA,NA,NA,NA,NA
"ANDHRA PRADESH","MAHABOOB NAGAR","PANGAL",NA,NA,NA,NA,NA
"ANDHRA PRADESH","MAHABOOB NAGAR","PEBBAIR",0,0,0,0,0
"ANDHRA PRADESH","MAHABOOB NAGAR","PEDDAKOTHAPALLE",NA,NA,NA,NA,NA
"ANDHRA PRADESH","MAHABOOB NAGAR","PEDDAMANDADI",NA,NA,NA,NA,NA
"ANDHRA PRADESH","MAHABOOB NAGAR","TADOOR",NA,NA,NA,NA,NA
"ANDHRA PRADESH","MAHABOOB NAGAR","TALAKONDAPALLE",NA,NA,NA,NA,NA
"ANDHRA PRADESH","MAHABOOB NAGAR","TELKAPALLE",0,0,0,0,0
"ANDHRA PRADESH","MAHABOOB NAGAR","THIMMAJIPETA",NA,NA,NA,NA,NA
"ANDHRA PRADESH","MAHABOOB NAGAR","UPPUNUNTHALA",NA,NA,NA,NA,NA
"ANDHRA PRADESH","MAHABOOB NAGAR","UTKOOR",NA,NA,NA,NA,NA
"ANDHRA PRADESH","MAHABOOB NAGAR","VANGOOR",NA,NA,NA,NA,NA
"ANDHRA PRADESH","MAHABOOB NAGAR","VEEPANGANDLA",NA,NA,NA,NA,NA
"ANDHRA PRADESH","MAHABOOB NAGAR","VELDANDA",NA,NA,NA,NA,NA
"ANDHRA PRADESH","MAHABOOB NAGAR","WADDEPALLE",NA,NA,NA,NA,NA
"ANDHRA PRADESH","MAHABOOB NAGAR","WANAPARTHY",NA,NA,NA,NA,NA
"ANDHRA PRADESH","MEDAK","ALLADURG",NA,NA,NA,NA,NA
"ANDHRA PRADESH","MEDAK","ANDOLE",NA,NA,NA,NA,NA
"ANDHRA PRADESH","MEDAK","CHEGUNTA",NA,NA,NA,NA,NA
"ANDHRA PRADESH","MEDAK","CHINNAKODUR",NA,NA,NA,NA,NA
"ANDHRA PRADESH","MEDAK","DOULTABAD",NA,NA,NA,NA,NA
"ANDHRA PRADESH","MEDAK","DUBBAK",NA,NA,NA,NA,NA
"ANDHRA PRADESH","MEDAK","GAJWEL",NA,NA,NA,NA,NA
"ANDHRA PRADESH","MEDAK","HATHNOORA",NA,NA,NA,NA,NA
"ANDHRA PRADESH","MEDAK","JAGDEVPUR",NA,NA,NA,NA,NA
"ANDHRA PRADESH","MEDAK","JHARASANGAM",NA,NA,NA,NA,NA
"ANDHRA PRADESH","MEDAK","JINNARAM",NA,NA,NA,NA,NA
"ANDHRA PRADESH","MEDAK","KALHER",NA,NA,NA,NA,NA
"ANDHRA PRADESH","MEDAK","KANGTI",NA,NA,NA,NA,NA
"ANDHRA PRADESH","MEDAK","KOHIR",NA,NA,NA,NA,NA
"ANDHRA PRADESH","MEDAK","KONDAPAK",NA,NA,NA,NA,NA
"ANDHRA PRADESH","MEDAK","KONDAPUR",NA,NA,NA,NA,NA
"ANDHRA PRADESH","MEDAK","KOWDIPALLI",NA,NA,NA,NA,NA
"ANDHRA PRADESH","MEDAK","KULCHARAM",NA,NA,NA,NA,NA
"ANDHRA PRADESH","MEDAK","MANOOR",NA,NA,NA,NA,NA
"ANDHRA PRADESH","MEDAK","MEDAK",NA,NA,NA,NA,NA
"ANDHRA PRADESH","MEDAK","MIRDODDI",NA,NA,NA,NA,NA
"ANDHRA PRADESH","MEDAK","MULUG",NA,NA,NA,NA,NA
"ANDHRA PRADESH","MEDAK","MUNPALLE",NA,NA,NA,NA,NA
"ANDHRA PRADESH","MEDAK","NANGANUR",NA,NA,NA,NA,NA
"ANDHRA PRADESH","MEDAK","NARAYANKHED",NA,NA,NA,NA,NA
"ANDHRA PRADESH","MEDAK","NARSAPUR",NA,NA,NA,NA,NA
"ANDHRA PRADESH","MEDAK","NYALKAL",2,0,0,0,2
"ANDHRA PRADESH","MEDAK","PAPANNAPET",NA,NA,NA,NA,NA
"ANDHRA PRADESH","MEDAK","PATANCHERU",NA,NA,NA,NA,NA
"ANDHRA PRADESH","MEDAK","PULKAL",NA,NA,NA,NA,NA
"ANDHRA PRADESH","MEDAK","RAIKODE",NA,NA,NA,NA,NA
"ANDHRA PRADESH","MEDAK","RAMAYAMPET",NA,NA,NA,NA,NA
"ANDHRA PRADESH","MEDAK","RAMCHANDRAPURAM",NA,NA,NA,NA,NA
"ANDHRA PRADESH","MEDAK","REGODE",NA,NA,NA,NA,NA
"ANDHRA PRADESH","MEDAK","SADASIVPET",NA,NA,NA,NA,NA
"ANDHRA PRADESH","MEDAK","SANGAREDDY",NA,NA,NA,NA,NA
"ANDHRA PRADESH","MEDAK","SHANKARAMPET[A]",NA,NA,NA,NA,NA
"ANDHRA PRADESH","MEDAK","SHANKARAMPET[R]",NA,NA,NA,NA,NA
"ANDHRA PRADESH","MEDAK","SHIVAMPET",NA,NA,NA,NA,NA
"ANDHRA PRADESH","MEDAK","SIDDIPET",NA,NA,NA,NA,NA
"ANDHRA PRADESH","MEDAK","TEKMAL",NA,NA,NA,NA,NA
"ANDHRA PRADESH","MEDAK","TUPRAN",NA,NA,NA,NA,NA
"ANDHRA PRADESH","MEDAK","WARGAL",NA,NA,NA,NA,NA
"ANDHRA PRADESH","MEDAK","YELDURTHY",NA,NA,NA,NA,NA
"ANDHRA PRADESH","MEDAK","ZAHIRABAD",NA,NA,NA,NA,NA
"ANDHRA PRADESH","NALGONDA","ALAIR",NA,NA,NA,NA,NA
"ANDHRA PRADESH","NALGONDA","ANUMULA",NA,NA,NA,NA,NA
"ANDHRA PRADESH","NALGONDA","ATMAKUR(M)",NA,NA,NA,NA,NA
"ANDHRA PRADESH","NALGONDA","ATMAKUR(S)",NA,NA,NA,NA,NA
"ANDHRA PRADESH","NALGONDA","BHUVANAGIRI",NA,NA,NA,NA,NA
"ANDHRA PRADESH","NALGONDA","BIBINAGAR",0,0,0,0,0
"ANDHRA PRADESH","NALGONDA","BOMMALARAMARAM",NA,NA,NA,NA,NA
"ANDHRA PRADESH","NALGONDA","CHANDAM PET",NA,NA,NA,NA,NA
"ANDHRA PRADESH","NALGONDA","CHANDUR",NA,NA,NA,NA,NA
"ANDHRA PRADESH","NALGONDA","CHILKUR",NA,NA,NA,NA,NA
"ANDHRA PRADESH","NALGONDA","CHINTHA PALLE",NA,NA,NA,NA,NA
"ANDHRA PRADESH","NALGONDA","CHITYALA",NA,NA,NA,NA,NA
"ANDHRA PRADESH","NALGONDA","CHIVVEMLA",NA,NA,NA,NA,NA
"ANDHRA PRADESH","NALGONDA","CHOUTUPPAL",NA,NA,NA,NA,NA
"ANDHRA PRADESH","NALGONDA","DAMERACHERLA",NA,NA,NA,NA,NA
"ANDHRA PRADESH","NALGONDA","DEVARAKONDA",0,0,0,0,0
"ANDHRA PRADESH","NALGONDA","GARIDE PALLE",NA,NA,NA,NA,NA
"ANDHRA PRADESH","NALGONDA","GUNDALA",NA,NA,NA,NA,NA
"ANDHRA PRADESH","NALGONDA","GUNDLA PALLE",NA,NA,NA,NA,NA
"ANDHRA PRADESH","NALGONDA","GURRAMPODE",NA,NA,NA,NA,NA
"ANDHRA PRADESH","NALGONDA","HUZURNAGAR",NA,NA,NA,NA,NA
"ANDHRA PRADESH","NALGONDA","JAJI REDDI GUDEM",NA,NA,NA,NA,NA
"ANDHRA PRADESH","NALGONDA","KANGAL",NA,NA,NA,NA,NA
"ANDHRA PRADESH","NALGONDA","KATTANGOOR",NA,NA,NA,NA,NA
"ANDHRA PRADESH","NALGONDA","KETHE PALLE",NA,NA,NA,NA,NA
"ANDHRA PRADESH","NALGONDA","KODAD",NA,NA,NA,NA,NA
"ANDHRA PRADESH","NALGONDA","M.TURKA PALLE",NA,NA,NA,NA,NA
"ANDHRA PRADESH","NALGONDA","MARRIGUDA",NA,NA,NA,NA,NA
"ANDHRA PRADESH","NALGONDA","MATTAM PALLE",NA,NA,NA,NA,NA
"ANDHRA PRADESH","NALGONDA","MELLA CHERVU",NA,NA,NA,NA,NA
"ANDHRA PRADESH","NALGONDA","MIRYALAGUDA",NA,NA,NA,NA,NA
"ANDHRA PRADESH","NALGONDA","MOTHEY",NA,NA,NA,NA,NA
"ANDHRA PRADESH","NALGONDA","MOTHKUR",NA,NA,NA,NA,NA
"ANDHRA PRADESH","NALGONDA","MUNAGALA",NA,NA,NA,NA,NA
"ANDHRA PRADESH","NALGONDA","MUNUGODE",NA,NA,NA,NA,NA
"ANDHRA PRADESH","NALGONDA","NADIGUDEM",NA,NA,NA,NA,NA
"ANDHRA PRADESH","NALGONDA","NAKREKAL",NA,NA,NA,NA,NA
"ANDHRA PRADESH","NALGONDA","NALGONDA",NA,NA,NA,NA,NA
"ANDHRA PRADESH","NALGONDA","NAMPALLE",NA,NA,NA,NA,NA
"ANDHRA PRADESH","NALGONDA","NARAYANPUR",NA,NA,NA,NA,NA
"ANDHRA PRADESH","NALGONDA","NARKETPALLE",NA,NA,NA,NA,NA
"ANDHRA PRADESH","NALGONDA","NEREDCHERLA",NA,NA,NA,NA,NA
"ANDHRA PRADESH","NALGONDA","NIDAMANOOR",NA,NA,NA,NA,NA
"ANDHRA PRADESH","NALGONDA","NUTHANKAL",NA,NA,NA,NA,NA
"ANDHRA PRADESH","NALGONDA","PEDDA ADISERLA PALLE",NA,NA,NA,NA,NA
"ANDHRA PRADESH","NALGONDA","PEDDAVOORA",NA,NA,NA,NA,NA
"ANDHRA PRADESH","NALGONDA","PENPAHAD",NA,NA,NA,NA,NA
"ANDHRA PRADESH","NALGONDA","POCHAMPALLE",NA,NA,NA,NA,NA
"ANDHRA PRADESH","NALGONDA","RAJAPET",NA,NA,NA,NA,NA
"ANDHRA PRADESH","NALGONDA","RAMANNAPETA",NA,NA,NA,NA,NA
"ANDHRA PRADESH","NALGONDA","SALI GOURARAM",NA,NA,NA,NA,NA
"ANDHRA PRADESH","NALGONDA","SURYAPET",NA,NA,NA,NA,NA
"ANDHRA PRADESH","NALGONDA","THIPPARTHI",NA,NA,NA,NA,NA
"ANDHRA PRADESH","NALGONDA","THIRUMALAGIRI",NA,NA,NA,NA,NA
"ANDHRA PRADESH","NALGONDA","THRIPURARAM",NA,NA,NA,NA,NA
"ANDHRA PRADESH","NALGONDA","THUNGATHURTHI",NA,NA,NA,NA,NA
"ANDHRA PRADESH","NALGONDA","VALIGONDA",NA,NA,NA,NA,NA
"ANDHRA PRADESH","NALGONDA","VEMULA PALLE",NA,NA,NA,NA,NA
"ANDHRA PRADESH","NALGONDA","YADAGIRIGUTTA",NA,NA,NA,NA,NA
"ANDHRA PRADESH","NELLORE","ALLUR",NA,NA,NA,NA,NA
"ANDHRA PRADESH","NELLORE","ANANTHASAGARAM",0,0,0,0,0
"ANDHRA PRADESH","NELLORE","ANUMASAMUDRAMPETA",0,0,0,0,0
"ANDHRA PRADESH","NELLORE","ATMAKUR",NA,NA,NA,NA,NA
"ANDHRA PRADESH","NELLORE","BALAYAPALLE",NA,NA,NA,NA,NA
"ANDHRA PRADESH","NELLORE","BOGOLE",NA,NA,NA,NA,NA
"ANDHRA PRADESH","NELLORE","BUT'PALEM (VAVVERU)",NA,NA,NA,NA,NA
"ANDHRA PRADESH","NELLORE","CHEJERLA",0,0,0,0,0
"ANDHRA PRADESH","NELLORE","CHILLAKUR",NA,NA,NA,NA,NA
"ANDHRA PRADESH","NELLORE","CHITTAMUR",NA,NA,NA,NA,NA
"ANDHRA PRADESH","NELLORE","DAGADARTHI",NA,NA,NA,NA,NA
"ANDHRA PRADESH","NELLORE","DAKKILI",NA,NA,NA,NA,NA
"ANDHRA PRADESH","NELLORE","DORAVARISATRAM",NA,NA,NA,NA,NA
"ANDHRA PRADESH","NELLORE","DUTTALUR",NA,NA,NA,NA,NA
"ANDHRA PRADESH","NELLORE","GUDUR",NA,NA,NA,NA,NA
"ANDHRA PRADESH","NELLORE","INDUKURPET",NA,NA,NA,NA,NA
"ANDHRA PRADESH","NELLORE","JALADANKI",0,0,0,0,0
"ANDHRA PRADESH","NELLORE","KALIGIRI",0,0,0,0,0
"ANDHRA PRADESH","NELLORE","KALUVOYA",NA,NA,NA,NA,NA
"ANDHRA PRADESH","NELLORE","KAVALI",NA,NA,NA,NA,NA
"ANDHRA PRADESH","NELLORE","KODAVALUR",NA,NA,NA,NA,NA
"ANDHRA PRADESH","NELLORE","KONDAPURAM",NA,NA,NA,NA,NA
"ANDHRA PRADESH","NELLORE","KOTA",NA,NA,NA,NA,NA
"ANDHRA PRADESH","NELLORE","KOVUR",51,0,0,0,51
"ANDHRA PRADESH","NELLORE","MANUBOLU",0,0,0,0,0
"ANDHRA PRADESH","NELLORE","MARRIPADU",NA,NA,NA,NA,NA
"ANDHRA PRADESH","NELLORE","MUTHUKUR",NA,NA,NA,NA,NA
"ANDHRA PRADESH","NELLORE","NAIDUPETA",NA,NA,NA,NA,NA
"ANDHRA PRADESH","NELLORE","NELLORE",NA,NA,NA,NA,NA
"ANDHRA PRADESH","NELLORE","OJILI",NA,NA,NA,NA,NA
"ANDHRA PRADESH","NELLORE","PELLAKUR",NA,NA,NA,NA,NA
"ANDHRA PRADESH","NELLORE","PODALAKUR",NA,NA,NA,NA,NA
"ANDHRA PRADESH","NELLORE","RAPUR",NA,NA,NA,NA,NA
"ANDHRA PRADESH","NELLORE","SANGAM",NA,NA,NA,NA,NA
"ANDHRA PRADESH","NELLORE","SEETHARAMAPURAM",NA,NA,NA,NA,NA
"ANDHRA PRADESH","NELLORE","SULLURPETA",NA,NA,NA,NA,NA
"ANDHRA PRADESH","NELLORE","SYDAPURAM",NA,NA,NA,NA,NA
"ANDHRA PRADESH","NELLORE","TADA",NA,NA,NA,NA,NA
"ANDHRA PRADESH","NELLORE","THOTAPALLIGUDUR",NA,NA,NA,NA,NA
"ANDHRA PRADESH","NELLORE","UDAYAGIRI",NA,NA,NA,NA,NA
"ANDHRA PRADESH","NELLORE","VAKADU",NA,NA,NA,NA,NA
"ANDHRA PRADESH","NELLORE","VARIKUNTAPADU",NA,NA,NA,NA,NA
"ANDHRA PRADESH","NELLORE","VENKATACHALAM",NA,NA,NA,NA,NA
"ANDHRA PRADESH","NELLORE","VENKATAGIRI",NA,NA,NA,NA,NA
"ANDHRA PRADESH","NELLORE","VIDAVULUR",NA,NA,NA,NA,NA
"ANDHRA PRADESH","NELLORE","VINJAMUR",NA,NA,NA,NA,NA
"ANDHRA PRADESH","NIZAMABAD","ARMUR",NA,NA,NA,NA,NA
"ANDHRA PRADESH","NIZAMABAD","BALKONDA",NA,NA,NA,NA,NA
"ANDHRA PRADESH","NIZAMABAD","BANSWADA",NA,NA,NA,NA,NA
"ANDHRA PRADESH","NIZAMABAD","BHEEMGAL",NA,NA,NA,NA,NA
"ANDHRA PRADESH","NIZAMABAD","BHIKNUR",NA,NA,NA,NA,NA
"ANDHRA PRADESH","NIZAMABAD","BICHKUNDA",NA,NA,NA,NA,NA
"ANDHRA PRADESH","NIZAMABAD","BIRKOOR",NA,NA,NA,NA,NA
"ANDHRA PRADESH","NIZAMABAD","BODHAN",NA,NA,NA,NA,NA
"ANDHRA PRADESH","NIZAMABAD","DHARPALLE",NA,NA,NA,NA,NA
"ANDHRA PRADESH","NIZAMABAD","DICHPALLE",NA,NA,NA,NA,NA
"ANDHRA PRADESH","NIZAMABAD","DOMAKONDA",NA,NA,NA,NA,NA
"ANDHRA PRADESH","NIZAMABAD","GANDHARI",NA,NA,NA,NA,NA
"ANDHRA PRADESH","NIZAMABAD","JAKRANPALLE",NA,NA,NA,NA,NA
"ANDHRA PRADESH","NIZAMABAD","JUKKAL",NA,NA,NA,NA,NA
"ANDHRA PRADESH","NIZAMABAD","KAMAREDDY",NA,NA,NA,NA,NA
"ANDHRA PRADESH","NIZAMABAD","KAMMAR PALLE",NA,NA,NA,NA,NA
"ANDHRA PRADESH","NIZAMABAD","KOTGIRI",NA,NA,NA,NA,NA
"ANDHRA PRADESH","NIZAMABAD","LINGAMPET",NA,NA,NA,NA,NA
"ANDHRA PRADESH","NIZAMABAD","MACHAREDDY",NA,NA,NA,NA,NA
"ANDHRA PRADESH","NIZAMABAD","MADNUR",NA,NA,NA,NA,NA
"ANDHRA PRADESH","NIZAMABAD","MAKLOOR",NA,NA,NA,NA,NA
"ANDHRA PRADESH","NIZAMABAD","MORTAD",NA,NA,NA,NA,NA
"ANDHRA PRADESH","NIZAMABAD","NADIPET",NA,NA,NA,NA,NA
"ANDHRA PRADESH","NIZAMABAD","NAGAREDDIPET",NA,NA,NA,NA,NA
"ANDHRA PRADESH","NIZAMABAD","NAVIPET",NA,NA,NA,NA,NA
"ANDHRA PRADESH","NIZAMABAD","NIZAMABAD",NA,NA,NA,NA,NA
"ANDHRA PRADESH","NIZAMABAD","NIZAMSAGAR",NA,NA,NA,NA,NA
"ANDHRA PRADESH","NIZAMABAD","PITLAM",NA,NA,NA,NA,NA
"ANDHRA PRADESH","NIZAMABAD","RANJAL",NA,NA,NA,NA,NA
"ANDHRA PRADESH","NIZAMABAD","SADASIVANAGAR",NA,NA,NA,NA,NA
"ANDHRA PRADESH","NIZAMABAD","SIRKONDA",NA,NA,NA,NA,NA
"ANDHRA PRADESH","NIZAMABAD","TADWAI",NA,NA,NA,NA,NA
"ANDHRA PRADESH","NIZAMABAD","VARNI",NA,NA,NA,NA,NA
"ANDHRA PRADESH","NIZAMABAD","VELPUR",NA,NA,NA,NA,NA
"ANDHRA PRADESH","NIZAMABAD","YEDAPALLE",NA,NA,NA,NA,NA
"ANDHRA PRADESH","NIZAMABAD","YELLAREDDY",NA,NA,NA,NA,NA
"ANDHRA PRADESH","PRAKASAM","ADDANKI",NA,NA,NA,NA,NA
"ANDHRA PRADESH","PRAKASAM","ARDHAVEEDU",0,0,0,0,0
"ANDHRA PRADESH","PRAKASAM","BALLIKURAVA",NA,NA,NA,NA,NA
"ANDHRA PRADESH","PRAKASAM","BESTAVARIPETA",NA,NA,NA,NA,NA
"ANDHRA PRADESH","PRAKASAM","C.SEKHARA PURAM",NA,NA,NA,NA,NA
"ANDHRA PRADESH","PRAKASAM","CHIMAKURTHI",NA,NA,NA,NA,NA
"ANDHRA PRADESH","PRAKASAM","CHINAGANJAM",NA,NA,NA,NA,NA
"ANDHRA PRADESH","PRAKASAM","CHIRALA",NA,NA,NA,NA,NA
"ANDHRA PRADESH","PRAKASAM","CUMBUM",NA,NA,NA,NA,NA
"ANDHRA PRADESH","PRAKASAM","DARSI",NA,NA,NA,NA,NA
"ANDHRA PRADESH","PRAKASAM","DONAKONDA",NA,NA,NA,NA,NA
"ANDHRA PRADESH","PRAKASAM","DORNALA",NA,NA,NA,NA,NA
"ANDHRA PRADESH","PRAKASAM","GIDDALURU",NA,NA,NA,NA,NA
"ANDHRA PRADESH","PRAKASAM","GUDLURU",NA,NA,NA,NA,NA
"ANDHRA PRADESH","PRAKASAM","HANUMANTHUNI PADU",NA,NA,NA,NA,NA
"ANDHRA PRADESH","PRAKASAM","INKOLLU",NA,NA,NA,NA,NA
"ANDHRA PRADESH","PRAKASAM","JANAKAVARAMPANGULURU",1,0,0,0,1
"ANDHRA PRADESH","PRAKASAM","KANDUKUR",NA,NA,NA,NA,NA
"ANDHRA PRADESH","PRAKASAM","KANIGIRI",0,0,0,0,0
"ANDHRA PRADESH","PRAKASAM","KARAMCHEDU",NA,NA,NA,NA,NA
"ANDHRA PRADESH","PRAKASAM","KOMAROLE",NA,NA,NA,NA,NA
"ANDHRA PRADESH","PRAKASAM","KONAKANAMITLA",NA,NA,NA,NA,NA
"ANDHRA PRADESH","PRAKASAM","KONDAPI",NA,NA,NA,NA,NA
"ANDHRA PRADESH","PRAKASAM","KORISAPADU",NA,NA,NA,NA,NA
"ANDHRA PRADESH","PRAKASAM","KOTHA PATNAM",NA,NA,NA,NA,NA
"ANDHRA PRADESH","PRAKASAM","KURICHEDU",NA,NA,NA,NA,NA
"ANDHRA PRADESH","PRAKASAM","LINGASAMUDRAM",NA,NA,NA,NA,NA
"ANDHRA PRADESH","PRAKASAM","MADDIPADU",NA,NA,NA,NA,NA
"ANDHRA PRADESH","PRAKASAM","MARKAPUR",NA,NA,NA,NA,NA
"ANDHRA PRADESH","PRAKASAM","MARRIPUDI",NA,NA,NA,NA,NA
"ANDHRA PRADESH","PRAKASAM","MARTUR",1,0,0,0,1
"ANDHRA PRADESH","PRAKASAM","MUNDLAMURU",NA,NA,NA,NA,NA
"ANDHRA PRADESH","PRAKASAM","NAGULUPPALA PADU",NA,NA,NA,NA,NA
"ANDHRA PRADESH","PRAKASAM","ONGOLE",NA,NA,NA,NA,NA
"ANDHRA PRADESH","PRAKASAM","PAMUR",0,0,0,0,0
"ANDHRA PRADESH","PRAKASAM","PARCHUR",NA,NA,NA,NA,NA
"ANDHRA PRADESH","PRAKASAM","PEDA ARAVEEDU",NA,NA,NA,NA,NA
"ANDHRA PRADESH","PRAKASAM","PEDACHERLO PALLE",NA,NA,NA,NA,NA
"ANDHRA PRADESH","PRAKASAM","PODILI",0,0,0,0,0
"ANDHRA PRADESH","PRAKASAM","PONNALUR",NA,NA,NA,NA,NA
"ANDHRA PRADESH","PRAKASAM","PULLALACHERUVU",NA,NA,NA,NA,NA
"ANDHRA PRADESH","PRAKASAM","RACHERLA",NA,NA,NA,NA,NA
"ANDHRA PRADESH","PRAKASAM","SANTHAMAGULURU",NA,NA,NA,NA,NA
"ANDHRA PRADESH","PRAKASAM","SANTHANUTHALA PADU",NA,NA,NA,NA,NA
"ANDHRA PRADESH","PRAKASAM","SINGARAYA KONDA",NA,NA,NA,NA,NA
"ANDHRA PRADESH","PRAKASAM","TANGUTUR",NA,NA,NA,NA,NA
"ANDHRA PRADESH","PRAKASAM","TARLUPADU",NA,NA,NA,NA,NA
"ANDHRA PRADESH","PRAKASAM","THALLUR",NA,NA,NA,NA,NA
"ANDHRA PRADESH","PRAKASAM","TRIPURANTHAKAM",NA,NA,NA,NA,NA
"ANDHRA PRADESH","PRAKASAM","ULAVAPADU",NA,NA,NA,NA,NA
"ANDHRA PRADESH","PRAKASAM","VELIGANDLA",0,0,0,0,0
"ANDHRA PRADESH","PRAKASAM","VETA PALEM",NA,NA,NA,NA,NA
"ANDHRA PRADESH","PRAKASAM","VOLETIVARI PALEM",NA,NA,NA,NA,NA
"ANDHRA PRADESH","PRAKASAM","YADDANA PUDI",NA,NA,NA,NA,NA
"ANDHRA PRADESH","PRAKASAM","YERRAGONDAPALEM",NA,NA,NA,NA,NA
"ANDHRA PRADESH","PRAKASAM","ZARUGUMALLI",NA,NA,NA,NA,NA
"ANDHRA PRADESH","RANGA REDDY","BALANAGAR",NA,NA,NA,NA,NA
"ANDHRA PRADESH","RANGA REDDY","BANTARAM",NA,NA,NA,NA,NA
"ANDHRA PRADESH","RANGA REDDY","BASHEERABAD",NA,NA,NA,NA,NA
"ANDHRA PRADESH","RANGA REDDY","CHEVELLA",NA,NA,NA,NA,NA
"ANDHRA PRADESH","RANGA REDDY","DHARUR",NA,NA,NA,NA,NA
"ANDHRA PRADESH","RANGA REDDY","DOMA",NA,NA,NA,NA,NA
"ANDHRA PRADESH","RANGA REDDY","GANDEED",0,0,0,0,0
"ANDHRA PRADESH","RANGA REDDY","GHATKESAR",0,0,0,0,0
"ANDHRA PRADESH","RANGA REDDY","HAYATHNAGAR",NA,NA,NA,NA,NA
"ANDHRA PRADESH","RANGA REDDY","IBRAHIMPATNAM",NA,NA,NA,NA,NA
"ANDHRA PRADESH","RANGA REDDY","KANDUKUR",NA,NA,NA,NA,NA
"ANDHRA PRADESH","RANGA REDDY","KEESARA",NA,NA,NA,NA,NA
"ANDHRA PRADESH","RANGA REDDY","KULKACHARLA",NA,NA,NA,NA,NA
"ANDHRA PRADESH","RANGA REDDY","MAHESWARAM",0,0,0,0,0
"ANDHRA PRADESH","RANGA REDDY","MALKAJGIRI",NA,NA,NA,NA,NA
"ANDHRA PRADESH","RANGA REDDY","MANCHAL",NA,NA,NA,NA,NA
"ANDHRA PRADESH","RANGA REDDY","MARPALLE",NA,NA,NA,NA,NA
"ANDHRA PRADESH","RANGA REDDY","MEDCHAL",NA,NA,NA,NA,NA
"ANDHRA PRADESH","RANGA REDDY","MOINABAD",NA,NA,NA,NA,NA
"ANDHRA PRADESH","RANGA REDDY","MOMINPET",NA,NA,NA,NA,NA
"ANDHRA PRADESH","RANGA REDDY","NAWABPET",0,0,0,0,0
"ANDHRA PRADESH","RANGA REDDY","PARGI",NA,NA,NA,NA,NA
"ANDHRA PRADESH","RANGA REDDY","PEDDEMUL",NA,NA,NA,NA,NA
"ANDHRA PRADESH","RANGA REDDY","PUDUR",NA,NA,NA,NA,NA
"ANDHRA PRADESH","RANGA REDDY","QUTHBULLAPUR",NA,NA,NA,NA,NA
"ANDHRA PRADESH","RANGA REDDY","RAJENDRANAGAR",0,0,0,0,0
"ANDHRA PRADESH","RANGA REDDY","SAROORNAGAR",NA,NA,NA,NA,NA
"ANDHRA PRADESH","RANGA REDDY","SERILINGAMPALLE",NA,NA,NA,NA,NA
"ANDHRA PRADESH","RANGA REDDY","SHABAD",NA,NA,NA,NA,NA
"ANDHRA PRADESH","RANGA REDDY","SHAMIRPET",NA,NA,NA,NA,NA
"ANDHRA PRADESH","RANGA REDDY","SHAMSHABAD",0,0,0,0,0
"ANDHRA PRADESH","RANGA REDDY","SHANKARPALLE",NA,NA,NA,NA,NA
"ANDHRA PRADESH","RANGA REDDY","TANDUR",NA,NA,NA,NA,NA
"ANDHRA PRADESH","RANGA REDDY","UPPAL",NA,NA,NA,NA,NA
"ANDHRA PRADESH","RANGA REDDY","VICARABAD",NA,NA,NA,NA,NA
"ANDHRA PRADESH","RANGA REDDY","YACHARAM",NA,NA,NA,NA,NA
"ANDHRA PRADESH","RANGA REDDY","YELAL",NA,NA,NA,NA,NA
"ANDHRA PRADESH","SRIKAKULUM","AMADALAVALASA",NA,NA,NA,NA,NA
"ANDHRA PRADESH","SRIKAKULUM","BHAMINI",NA,NA,NA,NA,NA
"ANDHRA PRADESH","SRIKAKULUM","BURJA",NA,NA,NA,NA,NA
"ANDHRA PRADESH","SRIKAKULUM","ETCHERLA",NA,NA,NA,NA,NA
"ANDHRA PRADESH","SRIKAKULUM","GANGUVARISIGADM",NA,NA,NA,NA,NA
"ANDHRA PRADESH","SRIKAKULUM","GARA",NA,NA,NA,NA,NA
"ANDHRA PRADESH","SRIKAKULUM","HIRAMANDALAM",NA,NA,NA,NA,NA
"ANDHRA PRADESH","SRIKAKULUM","ICHCHAPURAM",NA,NA,NA,NA,NA
"ANDHRA PRADESH","SRIKAKULUM","JALUMURU",NA,NA,NA,NA,NA
"ANDHRA PRADESH","SRIKAKULUM","KANCHILI",NA,NA,NA,NA,NA
"ANDHRA PRADESH","SRIKAKULUM","KAVITI",NA,NA,NA,NA,NA
"ANDHRA PRADESH","SRIKAKULUM","KOTABOMMALI",NA,NA,NA,NA,NA
"ANDHRA PRADESH","SRIKAKULUM","KOTTURU",NA,NA,NA,NA,NA
"ANDHRA PRADESH","SRIKAKULUM","LAVERU",0,0,0,0,0
"ANDHRA PRADESH","SRIKAKULUM","MANDASA",NA,NA,NA,NA,NA
"ANDHRA PRADESH","SRIKAKULUM","MELIAPUTTI",NA,NA,NA,NA,NA
"ANDHRA PRADESH","SRIKAKULUM","NANDIGAM",NA,NA,NA,NA,NA
"ANDHRA PRADESH","SRIKAKULUM","NARASANNAPETA",NA,NA,NA,NA,NA
"ANDHRA PRADESH","SRIKAKULUM","PALAKONDA",NA,NA,NA,NA,NA
"ANDHRA PRADESH","SRIKAKULUM","PALASA",NA,NA,NA,NA,NA
"ANDHRA PRADESH","SRIKAKULUM","PATHPATNAM",NA,NA,NA,NA,NA
"ANDHRA PRADESH","SRIKAKULUM","POLAKI",NA,NA,NA,NA,NA
"ANDHRA PRADESH","SRIKAKULUM","PONDURU",NA,NA,NA,NA,NA
"ANDHRA PRADESH","SRIKAKULUM","RAJAM",NA,NA,NA,NA,NA
"ANDHRA PRADESH","SRIKAKULUM","RANASTALAM",0,0,0,0,0
"ANDHRA PRADESH","SRIKAKULUM","REGIDI AMADALAVALASA",NA,NA,NA,NA,NA
"ANDHRA PRADESH","SRIKAKULUM","SANTHABOMMALI",NA,NA,NA,NA,NA
"ANDHRA PRADESH","SRIKAKULUM","SANTHAKAVATI",NA,NA,NA,NA,NA
"ANDHRA PRADESH","SRIKAKULUM","SARAVAKOTA",NA,NA,NA,NA,NA
"ANDHRA PRADESH","SRIKAKULUM","SARUBUJJILI",NA,NA,NA,NA,NA
"ANDHRA PRADESH","SRIKAKULUM","SEETHAMPETA",NA,NA,NA,NA,NA
"ANDHRA PRADESH","SRIKAKULUM","SOMPETA",NA,NA,NA,NA,NA
"ANDHRA PRADESH","SRIKAKULUM","SRIKAKULAM",NA,NA,NA,NA,NA
"ANDHRA PRADESH","SRIKAKULUM","TEKKALI",NA,NA,NA,NA,NA
"ANDHRA PRADESH","SRIKAKULUM","VAJRAPUKOTTURU",NA,NA,NA,NA,NA
"ANDHRA PRADESH","SRIKAKULUM","VANGARA",NA,NA,NA,NA,NA
"ANDHRA PRADESH","SRIKAKULUM","VEERAGHATTAM",NA,NA,NA,NA,NA
"ANDHRA PRADESH","VIJAYA NAGARAM","0ACHIPENTA",NA,NA,NA,NA,NA
"ANDHRA PRADESH","VIJAYA NAGARAM","BADANGI",NA,NA,NA,NA,NA
"ANDHRA PRADESH","VIJAYA NAGARAM","BALIJIPETA",NA,NA,NA,NA,NA
"ANDHRA PRADESH","VIJAYA NAGARAM","BHOGHAPURAM",NA,NA,NA,NA,NA
"ANDHRA PRADESH","VIJAYA NAGARAM","BOBBILI",NA,NA,NA,NA,NA
"ANDHRA PRADESH","VIJAYA NAGARAM","BONDAPALLE",NA,NA,NA,NA,NA
"ANDHRA PRADESH","VIJAYA NAGARAM","CHEEPURUPALLE",NA,NA,NA,NA,NA
"ANDHRA PRADESH","VIJAYA NAGARAM","DATTIRAJERU",NA,NA,NA,NA,NA
"ANDHRA PRADESH","VIJAYA NAGARAM","DENKADA",NA,NA,NA,NA,NA
"ANDHRA PRADESH","VIJAYA NAGARAM","GAJAPATHINAGARAM",NA,NA,NA,NA,NA
"ANDHRA PRADESH","VIJAYA NAGARAM","GANTYADA",NA,NA,NA,NA,NA
"ANDHRA PRADESH","VIJAYA NAGARAM","GARIVIDI",NA,NA,NA,NA,NA
"ANDHRA PRADESH","VIJAYA NAGARAM","GARUGUBILLI",NA,NA,NA,NA,NA
"ANDHRA PRADESH","VIJAYA NAGARAM","GUMMALAKSHMIPURAM",NA,NA,NA,NA,NA
"ANDHRA PRADESH","VIJAYA NAGARAM","GURLA",NA,NA,NA,NA,NA
"ANDHRA PRADESH","VIJAYA NAGARAM","JAMI",NA,NA,NA,NA,NA
"ANDHRA PRADESH","VIJAYA NAGARAM","JIYYAMMAVALASA",NA,NA,NA,NA,NA
"ANDHRA PRADESH","VIJAYA NAGARAM","KOMARADA",NA,NA,NA,NA,NA
"ANDHRA PRADESH","VIJAYA NAGARAM","KOTHAVALASA",NA,NA,NA,NA,NA
"ANDHRA PRADESH","VIJAYA NAGARAM","KURUPAM",NA,NA,NA,NA,NA
"ANDHRA PRADESH","VIJAYA NAGARAM","LAKKAVARAPUKOTA",NA,NA,NA,NA,NA
"ANDHRA PRADESH","VIJAYA NAGARAM","MAKKUVA",NA,NA,NA,NA,NA
"ANDHRA PRADESH","VIJAYA NAGARAM","MENTADA",NA,NA,NA,NA,NA
"ANDHRA PRADESH","VIJAYA NAGARAM","MERAKAMUDIDAM",NA,NA,NA,NA,NA
"ANDHRA PRADESH","VIJAYA NAGARAM","NELLIMARLA",NA,NA,NA,NA,NA
"ANDHRA PRADESH","VIJAYA NAGARAM","PARVATHIPURAM",NA,NA,NA,NA,NA
"ANDHRA PRADESH","VIJAYA NAGARAM","PUSAPATIREGA",NA,NA,NA,NA,NA
"ANDHRA PRADESH","VIJAYA NAGARAM","RAMABHADRAPURAM",NA,NA,NA,NA,NA
"ANDHRA PRADESH","VIJAYA NAGARAM","SALUR",NA,NA,NA,NA,NA
"ANDHRA PRADESH","VIJAYA NAGARAM","SEETHANAGARAM",NA,NA,NA,NA,NA
"ANDHRA PRADESH","VIJAYA NAGARAM","SRUNGAVARAPUKOTA",NA,NA,NA,NA,NA
"ANDHRA PRADESH","VIJAYA NAGARAM","THERLAM",NA,NA,NA,NA,NA
"ANDHRA PRADESH","VIJAYA NAGARAM","VEPADA",NA,NA,NA,NA,NA
"ANDHRA PRADESH","VIJAYA NAGARAM","VIZIANAGARAM",NA,NA,NA,NA,NA
"ANDHRA PRADESH","VISAKHAPATNAM","ANAKAPALLE",NA,NA,NA,NA,NA
"ANDHRA PRADESH","VISAKHAPATNAM","ANANDAPURAM",NA,NA,NA,NA,NA
"ANDHRA PRADESH","VISAKHAPATNAM","ANANTHAGIRI",NA,NA,NA,NA,NA
"ANDHRA PRADESH","VISAKHAPATNAM","ARAKU VALLEY",NA,NA,NA,NA,NA
"ANDHRA PRADESH","VISAKHAPATNAM","ATCHUTAPURAM",NA,NA,NA,NA,NA
"ANDHRA PRADESH","VISAKHAPATNAM","BHEEMUNIPATNAM",0,0,0,0,0
"ANDHRA PRADESH","VISAKHAPATNAM","BUTCHAYYAPETA",NA,NA,NA,NA,NA
"ANDHRA PRADESH","VISAKHAPATNAM","CHEEDIKADA",NA,NA,NA,NA,NA
"ANDHRA PRADESH","VISAKHAPATNAM","CHINTAPALLE",NA,NA,NA,NA,NA
"ANDHRA PRADESH","VISAKHAPATNAM","CHODAVARAM",NA,NA,NA,NA,NA
"ANDHRA PRADESH","VISAKHAPATNAM","DEVARAPALLE",NA,NA,NA,NA,NA
"ANDHRA PRADESH","VISAKHAPATNAM","DUMBRIGUDA",NA,NA,NA,NA,NA
"ANDHRA PRADESH","VISAKHAPATNAM","G.MADUGULA",NA,NA,NA,NA,NA
"ANDHRA PRADESH","VISAKHAPATNAM","GAJUWAKA",NA,NA,NA,NA,NA
"ANDHRA PRADESH","VISAKHAPATNAM","GOLUGONDA",0,0,0,0,0
"ANDHRA PRADESH","VISAKHAPATNAM","GUDEM KOTHA VEEDHI",NA,NA,NA,NA,NA
"ANDHRA PRADESH","VISAKHAPATNAM","HUKUMPETA",NA,NA,NA,NA,NA
"ANDHRA PRADESH","VISAKHAPATNAM","K.KOTAPADU",NA,NA,NA,NA,NA
"ANDHRA PRADESH","VISAKHAPATNAM","KASIMKOTA",NA,NA,NA,NA,NA
"ANDHRA PRADESH","VISAKHAPATNAM","KOTAURATLA",NA,NA,NA,NA,NA
"ANDHRA PRADESH","VISAKHAPATNAM","KOYYURU",NA,NA,NA,NA,NA
"ANDHRA PRADESH","VISAKHAPATNAM","MADUGULA",0,0,0,0,0
"ANDHRA PRADESH","VISAKHAPATNAM","MAKAVARAPALEM",NA,NA,NA,NA,NA
"ANDHRA PRADESH","VISAKHAPATNAM","MUNAGAPAKA",NA,NA,NA,NA,NA
"ANDHRA PRADESH","VISAKHAPATNAM","MUNCHINGI PUTTU",NA,NA,NA,NA,NA
"ANDHRA PRADESH","VISAKHAPATNAM","NAKKAPALLE",NA,NA,NA,NA,NA
"ANDHRA PRADESH","VISAKHAPATNAM","NARSIPATNAM",NA,NA,NA,NA,NA
"ANDHRA PRADESH","VISAKHAPATNAM","NATHAVARAM",NA,NA,NA,NA,NA
"ANDHRA PRADESH","VISAKHAPATNAM","PADERU",NA,NA,NA,NA,NA
"ANDHRA PRADESH","VISAKHAPATNAM","PADMANABHAM",0,0,0,0,0
"ANDHRA PRADESH","VISAKHAPATNAM","PARAVADA",NA,NA,NA,NA,NA
"ANDHRA PRADESH","VISAKHAPATNAM","PAYAKARAOPETA",NA,NA,NA,NA,NA
"ANDHRA PRADESH","VISAKHAPATNAM","PEDA BAYALU",NA,NA,NA,NA,NA
"ANDHRA PRADESH","VISAKHAPATNAM","PEDAGANTYADA",NA,NA,NA,NA,NA
"ANDHRA PRADESH","VISAKHAPATNAM","PENDURTHI",NA,NA,NA,NA,NA
"ANDHRA PRADESH","VISAKHAPATNAM","RAMBILLI",NA,NA,NA,NA,NA
"ANDHRA PRADESH","VISAKHAPATNAM","RAVIKAMATHAM",NA,NA,NA,NA,NA
"ANDHRA PRADESH","VISAKHAPATNAM","ROLUGUNTA",NA,NA,NA,NA,NA
"ANDHRA PRADESH","VISAKHAPATNAM","S.RAYAVARAM",NA,NA,NA,NA,NA
"ANDHRA PRADESH","VISAKHAPATNAM","SABBAVARAM",NA,NA,NA,NA,NA
"ANDHRA PRADESH","VISAKHAPATNAM","VISAKHAPATNAM RURAL",NA,NA,NA,NA,NA
"ANDHRA PRADESH","VISAKHAPATNAM","VISAKHAPATNAM URBAN",NA,NA,NA,NA,NA
"ANDHRA PRADESH","VISAKHAPATNAM","YELAMANCHILI",0,0,0,0,0
"ANDHRA PRADESH","WARANGAL","ATMAKUR",NA,NA,NA,NA,NA
"ANDHRA PRADESH","WARANGAL","BACHANNAPETA",NA,NA,NA,NA,NA
"ANDHRA PRADESH","WARANGAL","BHUPALPALLE",NA,NA,NA,NA,NA
"ANDHRA PRADESH","WARANGAL","CHENNARAOPET",NA,NA,NA,NA,NA
"ANDHRA PRADESH","WARANGAL","CHERIYAL",NA,NA,NA,NA,NA
"ANDHRA PRADESH","WARANGAL","CHITYAL",NA,NA,NA,NA,NA
"ANDHRA PRADESH","WARANGAL","DEVARUPPULA",NA,NA,NA,NA,NA
"ANDHRA PRADESH","WARANGAL","DHARMASAGAR",NA,NA,NA,NA,NA
"ANDHRA PRADESH","WARANGAL","DORNAKAL",NA,NA,NA,NA,NA
"ANDHRA PRADESH","WARANGAL","DUGGONDI",NA,NA,NA,NA,NA
"ANDHRA PRADESH","WARANGAL","ETURNAGARAM",0,0,0,0,0
"ANDHRA PRADESH","WARANGAL","GEESUGONDA",0,0,0,0,0
"ANDHRA PRADESH","WARANGAL","GHANAPUR (MULAG)",0,0,0,0,0
"ANDHRA PRADESH","WARANGAL","GHANPUR(STATION)",NA,NA,NA,NA,NA
"ANDHRA PRADESH","WARANGAL","GOVINDARAOPET",0,0,0,0,0
"ANDHRA PRADESH","WARANGAL","GUDUR",NA,NA,NA,NA,NA
"ANDHRA PRADESH","WARANGAL","HANAMKONDA",NA,NA,NA,NA,NA
"ANDHRA PRADESH","WARANGAL","HASANPARTHY",NA,NA,NA,NA,NA
"ANDHRA PRADESH","WARANGAL","JANGAON",NA,NA,NA,NA,NA
"ANDHRA PRADESH","WARANGAL","KESAMUDRAM",NA,NA,NA,NA,NA
"ANDHRA PRADESH","WARANGAL","KHANAPUR",NA,NA,NA,NA,NA
"ANDHRA PRADESH","WARANGAL","KODAKANDLA",NA,NA,NA,NA,NA
"ANDHRA PRADESH","WARANGAL","KOTHAGUDEM",NA,NA,NA,NA,NA
"ANDHRA PRADESH","WARANGAL","KURAVI",NA,NA,NA,NA,NA
"ANDHRA PRADESH","WARANGAL","LINGALAGHANPUR",NA,NA,NA,NA,NA
"ANDHRA PRADESH","WARANGAL","MADDUR",NA,NA,NA,NA,NA
"ANDHRA PRADESH","WARANGAL","MAHABUBABAD",0,0,0,0,0
"ANDHRA PRADESH","WARANGAL","MANGAPET",0,0,0,0,0
"ANDHRA PRADESH","WARANGAL","MARIPEDA",NA,NA,NA,NA,NA
"ANDHRA PRADESH","WARANGAL","MOGULLAPALLE",NA,NA,NA,NA,NA
"ANDHRA PRADESH","WARANGAL","MULUG",NA,NA,NA,NA,NA
"ANDHRA PRADESH","WARANGAL","NALLA BELLI",NA,NA,NA,NA,NA
"ANDHRA PRADESH","WARANGAL","NALLIKUDUR",NA,NA,NA,NA,NA
"ANDHRA PRADESH","WARANGAL","NARASAMPET",NA,NA,NA,NA,NA
"ANDHRA PRADESH","WARANGAL","NARMETTA",NA,NA,NA,NA,NA
"ANDHRA PRADESH","WARANGAL","NARSIMHULAPET",NA,NA,NA,NA,NA
"ANDHRA PRADESH","WARANGAL","NEKKONDA",0,0,0,0,0
"ANDHRA PRADESH","WARANGAL","PALAKURTHI",NA,NA,NA,NA,NA
"ANDHRA PRADESH","WARANGAL","PARKAL",NA,NA,NA,NA,NA
"ANDHRA PRADESH","WARANGAL","RAGHUNATHPALLE",NA,NA,NA,NA,NA
"ANDHRA PRADESH","WARANGAL","RAIPARTHY",NA,NA,NA,NA,NA
"ANDHRA PRADESH","WARANGAL","RARVATHAGIRI",NA,NA,NA,NA,NA
"ANDHRA PRADESH","WARANGAL","REGONDA",NA,NA,NA,NA,NA
"ANDHRA PRADESH","WARANGAL","SANGAM",NA,NA,NA,NA,NA
"ANDHRA PRADESH","WARANGAL","SHAYAMPET",0,0,0,0,0
"ANDHRA PRADESH","WARANGAL","TADVAI",0,0,0,0,0
"ANDHRA PRADESH","WARANGAL","THORRUR",NA,NA,NA,NA,NA
"ANDHRA PRADESH","WARANGAL","VENKATAPUR",0,0,0,0,0
"ANDHRA PRADESH","WARANGAL","WARDHANNA PET",NA,NA,NA,NA,NA
"ANDHRA PRADESH","WARANGAL","ZAFFARGADH",NA,NA,NA,NA,NA
"ANDHRA PRADESH","WEST GODAVARI","ACHANTA",NA,NA,NA,NA,NA
"ANDHRA PRADESH","WEST GODAVARI","AKIVEEDU",NA,NA,NA,NA,NA
"ANDHRA PRADESH","WEST GODAVARI","ATTILI",NA,NA,NA,NA,NA
"ANDHRA PRADESH","WEST GODAVARI","BHEEMAVARAM",NA,NA,NA,NA,NA
"ANDHRA PRADESH","WEST GODAVARI","BHIMADOLE",0,0,0,0,0
"ANDHRA PRADESH","WEST GODAVARI","BUTTAYAGUDEM",NA,NA,NA,NA,NA
"ANDHRA PRADESH","WEST GODAVARI","CHAGALLU",0,0,0,0,0
"ANDHRA PRADESH","WEST GODAVARI","CHINTALAPUDI",0,0,0,0,0
"ANDHRA PRADESH","WEST GODAVARI","DENDULURU",2,0,0,0,2
"ANDHRA PRADESH","WEST GODAVARI","DEVARAPALLE",0,0,0,0,0
"ANDHRA PRADESH","WEST GODAVARI","DWARAKATIRUMALA",0,0,0,0,0
"ANDHRA PRADESH","WEST GODAVARI","ELURU",0,0,1,0,1
"ANDHRA PRADESH","WEST GODAVARI","GANAPAVARAM",NA,NA,NA,NA,NA
"ANDHRA PRADESH","WEST GODAVARI","GOPALAPURAM",0,0,0,0,0
"ANDHRA PRADESH","WEST GODAVARI","IRAGAVARAM",NA,NA,NA,NA,NA
"ANDHRA PRADESH","WEST GODAVARI","JANGAREDDIGUDEM",0,0,0,0,0
"ANDHRA PRADESH","WEST GODAVARI","JEELUGU MILLI",0,0,0,0,0
"ANDHRA PRADESH","WEST GODAVARI","KALLA",NA,NA,NA,NA,NA
"ANDHRA PRADESH","WEST GODAVARI","KAMAVARAPUKOTA",0,0,0,0,0
"ANDHRA PRADESH","WEST GODAVARI","KOVVUR",0,0,0,0,0
"ANDHRA PRADESH","WEST GODAVARI","KOYYALAGUDEM",0,0,0,0,0
"ANDHRA PRADESH","WEST GODAVARI","LINGAPALEM",0,0,0,0,0
"ANDHRA PRADESH","WEST GODAVARI","MOGALTHUR",NA,NA,NA,NA,NA
"ANDHRA PRADESH","WEST GODAVARI","NALLAJERLA",0,0,0,0,0
"ANDHRA PRADESH","WEST GODAVARI","NARASAPURAM",NA,NA,NA,NA,NA
"ANDHRA PRADESH","WEST GODAVARI","NIDADAVOLE",47,42,16,0,105
"ANDHRA PRADESH","WEST GODAVARI","NIDAMARRU",NA,NA,NA,NA,NA
"ANDHRA PRADESH","WEST GODAVARI","PALACOLE",NA,NA,NA,NA,NA
"ANDHRA PRADESH","WEST GODAVARI","PALAKODERU",NA,NA,NA,NA,NA
"ANDHRA PRADESH","WEST GODAVARI","PEDAPADU",0,0,0,0,0
"ANDHRA PRADESH","WEST GODAVARI","PEDAVEGI",NA,NA,NA,NA,NA
"ANDHRA PRADESH","WEST GODAVARI","PENTAPADU",0,0,0,0,0
"ANDHRA PRADESH","WEST GODAVARI","PENUGONDA",NA,NA,NA,NA,NA
"ANDHRA PRADESH","WEST GODAVARI","PENUMANTRA",NA,NA,NA,NA,NA
"ANDHRA PRADESH","WEST GODAVARI","PERAVALI",NA,NA,NA,NA,NA
"ANDHRA PRADESH","WEST GODAVARI","PODURU",NA,NA,NA,NA,NA
"ANDHRA PRADESH","WEST GODAVARI","POLAVARAM",0,0,0,0,0
"ANDHRA PRADESH","WEST GODAVARI","T.NARASAPURAM",0,0,0,0,0
"ANDHRA PRADESH","WEST GODAVARI","TADEPALLIGUDEM",0,0,0,0,0
"ANDHRA PRADESH","WEST GODAVARI","TANUKU",NA,NA,NA,NA,NA
"ANDHRA PRADESH","WEST GODAVARI","THALLAPUDI",0,0,0,0,0
"ANDHRA PRADESH","WEST GODAVARI","UNDI",NA,NA,NA,NA,NA
"ANDHRA PRADESH","WEST GODAVARI","UNDRAJAVARAM",NA,NA,NA,NA,NA
"ANDHRA PRADESH","WEST GODAVARI","UNGUTURU",0,0,0,0,0
"ANDHRA PRADESH","WEST GODAVARI","VEERAVASARAM",NA,NA,NA,NA,NA
"ANDHRA PRADESH","WEST GODAVARI","YELAMANCHILI",NA,NA,NA,NA,NA
"ARUNACHAL PRADESH","CHANGLANG","BORDUMSA-DIYUM",NA,NA,NA,NA,NA
"ARUNACHAL PRADESH","CHANGLANG","CHANGLANG",NA,NA,NA,NA,NA
"ARUNACHAL PRADESH","CHANGLANG","KAAGAM-MIAO",NA,NA,NA,NA,NA
"ARUNACHAL PRADESH","CHANGLANG","NAMPONG-MANMAO",NA,NA,NA,NA,NA
"ARUNACHAL PRADESH","DIBANG VALLEY","ANINI, ETALIN",NA,NA,NA,NA,NA
"ARUNACHAL PRADESH","DIBANG VALLEY","HUNLI, KRONLI",NA,NA,NA,NA,NA
"ARUNACHAL PRADESH","DIBANG VALLEY","ROING-DAMBUK",NA,NA,NA,NA,NA
"ARUNACHAL PRADESH","EAST KAMENG","BAMENG",NA,NA,NA,NA,NA
"ARUNACHAL PRADESH","EAST KAMENG","CHYANG TAJO",NA,NA,NA,NA,NA
"ARUNACHAL PRADESH","EAST KAMENG","PAKKE-KESSANG",NA,NA,NA,NA,NA
"ARUNACHAL PRADESH","EAST KAMENG","SEPPA",NA,NA,NA,NA,NA
"ARUNACHAL PRADESH","EAST SIANG","MEBO",NA,NA,NA,NA,NA
"ARUNACHAL PRADESH","EAST SIANG","PANGIN-BOLENG C.D BK",NA,NA,NA,NA,NA
"ARUNACHAL PRADESH","EAST SIANG","PASIGHAT C.D BLOCK",NA,NA,NA,NA,NA
"ARUNACHAL PRADESH","EAST SIANG","RAMLE-BANGO CD BLOCK",NA,NA,NA,NA,NA
"ARUNACHAL PRADESH","LOHIT","HAWAI-WALLONG",NA,NA,NA,NA,NA
"ARUNACHAL PRADESH","LOHIT","HAYULIANG",NA,NA,NA,NA,NA
"ARUNACHAL PRADESH","LOHIT","NAMSAI-CHOWKHAM",NA,NA,NA,NA,NA
"ARUNACHAL PRADESH","LOHIT","TEZU-SUNPURA",NA,NA,NA,NA,NA
"ARUNACHAL PRADESH","LOHIT","WAKRO",NA,NA,NA,NA,NA
"ARUNACHAL PRADESH","LOWER SUBANSIRI","CHAMBANG",NA,NA,NA,NA,NA
"ARUNACHAL PRADESH","LOWER SUBANSIRI","DAMIN",NA,NA,NA,NA,NA
"ARUNACHAL PRADESH","LOWER SUBANSIRI","KOLORIANG",NA,NA,NA,NA,NA
"ARUNACHAL PRADESH","LOWER SUBANSIRI","NYAPIN",NA,NA,NA,NA,NA
"ARUNACHAL PRADESH","LOWER SUBANSIRI","PALIN",NA,NA,NA,NA,NA
"ARUNACHAL PRADESH","LOWER SUBANSIRI","PARSI-PARLO",NA,NA,NA,NA,NA
"ARUNACHAL PRADESH","LOWER SUBANSIRI","PISTANA",NA,NA,NA,NA,NA
"ARUNACHAL PRADESH","LOWER SUBANSIRI","RAGA",NA,NA,NA,NA,NA
"ARUNACHAL PRADESH","LOWER SUBANSIRI","SANGRAM",NA,NA,NA,NA,NA
"ARUNACHAL PRADESH","LOWER SUBANSIRI","SARLI",NA,NA,NA,NA,NA
"ARUNACHAL PRADESH","LOWER SUBANSIRI","TALI",NA,NA,NA,NA,NA
"ARUNACHAL PRADESH","LOWER SUBANSIRI","YACHULI",NA,NA,NA,NA,NA
"ARUNACHAL PRADESH","LOWER SUBANSIRI","ZIRO-I",NA,NA,NA,NA,NA
"ARUNACHAL PRADESH","PAPUM PARE","KIMIN-DOIMUKH",NA,NA,NA,NA,NA
"ARUNACHAL PRADESH","PAPUM PARE","SAGALEE",NA,NA,NA,NA,NA
"ARUNACHAL PRADESH","TAWANG","LUMLA",NA,NA,NA,NA,NA
"ARUNACHAL PRADESH","TAWANG","TAWANG",NA,NA,NA,NA,NA
"ARUNACHAL PRADESH","TAWANG","THIMBUMUKTO",NA,NA,NA,NA,NA
"ARUNACHAL PRADESH","TIRAP","NAMSANG C.D BLOCK",NA,NA,NA,NA,NA
"ARUNACHAL PRADESH","TIRAP","NIAUSA C.D BLOCK",NA,NA,NA,NA,NA
"ARUNACHAL PRADESH","TIRAP","PONGCHAU-WAKKA C.D.",NA,NA,NA,NA,NA
"ARUNACHAL PRADESH","UPPER SIANG","JENGGING",NA,NA,NA,NA,NA
"ARUNACHAL PRADESH","UPPER SIANG","MARIYANG",NA,NA,NA,NA,NA
"ARUNACHAL PRADESH","UPPER SIANG","TUTING",NA,NA,NA,NA,NA
"ARUNACHAL PRADESH","UPPER SIANG","YINGKIONG",NA,NA,NA,NA,NA
"ARUNACHAL PRADESH","UPPER SUBANSIRI","DAPORIJO",NA,NA,NA,NA,NA
"ARUNACHAL PRADESH","UPPER SUBANSIRI","DUMPORIJO",NA,NA,NA,NA,NA
"ARUNACHAL PRADESH","UPPER SUBANSIRI","GIBA",NA,NA,NA,NA,NA
"ARUNACHAL PRADESH","UPPER SUBANSIRI","NACHO",NA,NA,NA,NA,NA
"ARUNACHAL PRADESH","UPPER SUBANSIRI","TALIHA",NA,NA,NA,NA,NA
"ARUNACHAL PRADESH","WEST KAMENG","DIRANG",NA,NA,NA,NA,NA
"ARUNACHAL PRADESH","WEST KAMENG","KALAKTANG",NA,NA,NA,NA,NA
"ARUNACHAL PRADESH","WEST KAMENG","THRIZINO",NA,NA,NA,NA,NA
"ARUNACHAL PRADESH","WEST SIANG","ALONG",NA,NA,NA,NA,NA
"ARUNACHAL PRADESH","WEST SIANG","BASAR",NA,NA,NA,NA,NA
"ARUNACHAL PRADESH","WEST SIANG","GENSI",NA,NA,NA,NA,NA
"ARUNACHAL PRADESH","WEST SIANG","KAYING-PAYUM",NA,NA,NA,NA,NA
"ARUNACHAL PRADESH","WEST SIANG","LIROMOBA",NA,NA,NA,NA,NA
"ARUNACHAL PRADESH","WEST SIANG","MECHUKHA",NA,NA,NA,NA,NA
"ARUNACHAL PRADESH","WEST SIANG","RUMGONG",NA,NA,NA,NA,NA
"ASSAM","BARPETA","BAJALI",0,0,0,0,0
"ASSAM","BARPETA","BARPETA",0,0,0,0,0
"ASSAM","BARPETA","BHAWANIPUR",NA,NA,NA,NA,NA
"ASSAM","BARPETA","CHENGA",0,0,0,0,0
"ASSAM","BARPETA","GOBARDHANA",NA,NA,NA,NA,NA
"ASSAM","BARPETA","JALAH",0,0,0,0,0
"ASSAM","BARPETA","MANDIA",NA,NA,NA,NA,NA
"ASSAM","BARPETA","RUPSI",NA,NA,NA,NA,NA
"ASSAM","BONGAIGAON","BOITAMARI",0,0,0,0,0
"ASSAM","BONGAIGAON","BOROBAZAR",NA,NA,NA,NA,NA
"ASSAM","BONGAIGAON","MANIKPUR",NA,NA,NA,NA,NA
"ASSAM","BONGAIGAON","SIDLI-CHIRANG",0,0,0,0,0
"ASSAM","BONGAIGAON","SRIJANGRAM",0,0,0,0,0
"ASSAM","CACHAR","KATIGORA",NA,NA,NA,NA,NA
"ASSAM","CACHAR","LAKHIPUR",NA,NA,NA,NA,NA
"ASSAM","CACHAR","NARSHINGPUR",0,0,0,0,0
"ASSAM","CACHAR","RAJABAZAR",NA,NA,NA,NA,NA
"ASSAM","CACHAR","SALCHAPRA",NA,NA,NA,NA,NA
"ASSAM","CACHAR","SONAI",0,0,0,0,0
"ASSAM","CACHAR","UDARBOND",NA,NA,NA,NA,NA
"ASSAM","DARRANG","DALGAON SIALMARI",0,0,0,0,0
"ASSAM","DARRANG","KALAIGAON",0,0,0,0,0
"ASSAM","DARRANG","KHAIRABARI",NA,NA,NA,NA,NA
"ASSAM","DARRANG","MAZBAT",0,0,0,0,0
"ASSAM","DARRANG","SIPAJHAR",NA,NA,NA,NA,NA
"ASSAM","DARRANG","UDALGURI",NA,NA,NA,NA,NA
"ASSAM","DHEMAJI","BORDOLONI",NA,NA,NA,NA,NA
"ASSAM","DHEMAJI","DHEMAJI",0,0,0,0,0
"ASSAM","DHEMAJI","MURKONGSELLECK",NA,NA,NA,NA,NA
"ASSAM","DHUBRI","AGAMONI",0,0,0,0,0
"ASSAM","DHUBRI","BILASIPARA",NA,NA,NA,NA,NA
"ASSAM","DHUBRI","CHAPAR SALKOCHA",0,0,0,0,0
"ASSAM","DHUBRI","GAURIPUR",0,0,0,0,0
"ASSAM","DHUBRI","GOLOKGANJ",0,0,0,0,0
"ASSAM","DHUBRI","MANKACHAR",0,0,0,0,0
"ASSAM","DHUBRI","SOUTH SALMARA",0,0,0,0,0
"ASSAM","DIBRUGARH","BARBARUAH",NA,NA,NA,NA,NA
"ASSAM","DIBRUGARH","JOYPUR",0,0,0,0,0
"ASSAM","DIBRUGARH","KHOWANG",0,0,0,0,0
"ASSAM","DIBRUGARH","LAHOWAL",0,0,0,0,0
"ASSAM","DIBRUGARH","PANITOLA",NA,NA,NA,NA,NA
"ASSAM","DIBRUGARH","TENGAKHAT",0,0,0,0,0
"ASSAM","GOALPARA","BALIJANA",0,0,0,0,0
"ASSAM","GOALPARA","DUDHNOI",NA,NA,NA,NA,NA
"ASSAM","GOALPARA","LAKHIPUR",0,0,0,0,0
"ASSAM","GOALPARA","MATIA",0,0,0,0,0
"ASSAM","GOLAGHAT","GOLAGHAT CENTRAL",0,0,0,0,0
"ASSAM","GOLAGHAT","GOLAGHAT EAST",0,0,0,0,0
"ASSAM","GOLAGHAT","GOLAGHAT NORTH",0,0,0,0,0
"ASSAM","GOLAGHAT","GOLAGHAT SOUTH",0,0,0,0,0
"ASSAM","GOLAGHAT","GOLAGHAT WEST",NA,NA,NA,NA,NA
"ASSAM","GOLAGHAT","GOMARIGURI",NA,NA,NA,NA,NA
"ASSAM","HAILAKANDI","HAILAKANDI",0,0,0,0,0
"ASSAM","HAILAKANDI","KATLICHARA",NA,NA,NA,NA,NA
"ASSAM","HAILAKANDI","LALA",0,0,0,0,0
"ASSAM","JORHAT","JORHAT",0,0,0,0,0
"ASSAM","JORHAT","JORHAT CENTRAL",0,0,0,0,0
"ASSAM","JORHAT","JORHAT EAST",0,0,0,0,0
"ASSAM","JORHAT","MAJULI",0,0,0,0,0
"ASSAM","JORHAT","NORTH WEST JORHAT",0,0,0,0,0
"ASSAM","JORHAT","TITABOR",0,0,0,0,0
"ASSAM","KAMRUP","BOKO BANGAON",0,0,0,0,0
"ASSAM","KAMRUP","CHAMARIA",NA,NA,NA,NA,NA
"ASSAM","KAMRUP","CHANDRAPUR",NA,NA,NA,NA,NA
"ASSAM","KAMRUP","CHHAYGAON",0,0,0,0,0
"ASSAM","KAMRUP","DIMORIA",NA,NA,NA,NA,NA
"ASSAM","KAMRUP","HAJO",0,0,0,0,0
"ASSAM","KAMRUP","KAMALPUR",0,0,0,0,0
"ASSAM","KAMRUP","KARARA",0,0,0,0,0
"ASSAM","KAMRUP","RAMPUR",NA,NA,NA,NA,NA
"ASSAM","KAMRUP","RANGIA",0,0,0,0,0
"ASSAM","KAMRUP","RANI",NA,NA,NA,NA,NA
"ASSAM","KARBI ANGLONG","AMRI",NA,NA,NA,NA,NA
"ASSAM","KARBI ANGLONG","BOKAJAN",NA,NA,NA,NA,NA
"ASSAM","KARBI ANGLONG","CHINTHONG",NA,NA,NA,NA,NA
"ASSAM","KARBI ANGLONG","HOWRAGHAT",0,0,0,0,0
"ASSAM","KARBI ANGLONG","LUMBAJONG",NA,NA,NA,NA,NA
"ASSAM","KARBI ANGLONG","NILIP",NA,NA,NA,NA,NA
"ASSAM","KARBI ANGLONG","RANGMONGWA",NA,NA,NA,NA,NA
"ASSAM","KARBI ANGLONG","RONGKHONG",NA,NA,NA,NA,NA
"ASSAM","KARBI ANGLONG","SAMILONGSO",0,0,0,0,0
"ASSAM","KARBI ANGLONG","SOCHENG",NA,NA,NA,NA,NA
"ASSAM","KARIMGANJ","BADARPUR",0,0,0,0,0
"ASSAM","KARIMGANJ","NORTH KARIMGANJ",0,0,0,0,0
"ASSAM","KARIMGANJ","PATHARKANDI",NA,NA,NA,NA,NA
"ASSAM","KARIMGANJ","RAMKRISHNA NAGAR",NA,NA,NA,NA,NA
"ASSAM","KARIMGANJ","SOUTH KARIMGANJ",0,0,0,0,0
"ASSAM","KOKRAJHAR","DOTOMA",0,0,0,0,0
"ASSAM","KOKRAJHAR","GOSSAIGAON",0,0,0,0,0
"ASSAM","KOKRAJHAR","KACHUGAON",NA,NA,NA,NA,NA
"ASSAM","KOKRAJHAR","KOKRAJHAR",0,0,0,0,0
"ASSAM","KOKRAJHAR","SIDLI CHIRANG (PART)",NA,NA,NA,NA,NA
"ASSAM","LAKHIMPUR","BIHPURIA",0,0,0,0,0
"ASSAM","LAKHIMPUR","BORDALANI",0,0,0,0,0
"ASSAM","LAKHIMPUR","DHAKUAKHANA",0,0,0,0,0
"ASSAM","LAKHIMPUR","LAKHIMPUR",0,0,0,0,0
"ASSAM","LAKHIMPUR","NARAYANPUR",0,0,0,0,0
"ASSAM","LAKHIMPUR","NOWBOICHA",0,0,0,0,0
"ASSAM","MARIGAON","BHURBANDHA",0,0,0,0,0
"ASSAM","MARIGAON","KAPILI",NA,NA,NA,NA,NA
"ASSAM","MARIGAON","LAHARIGHAT",0,0,0,0,0
"ASSAM","MARIGAON","MAYONG",NA,NA,NA,NA,NA
"ASSAM","NAGAON","BATADRAVA",NA,NA,NA,NA,NA
"ASSAM","NAGAON","JUGIJAN",NA,NA,NA,NA,NA
"ASSAM","NAGAON","JURIA",NA,NA,NA,NA,NA
"ASSAM","NAGAON","KALIABOR",0,0,0,0,0
"ASSAM","NAGAON","KAPILI",NA,NA,NA,NA,NA
"ASSAM","NAGAON","KAPILI PT.I",NA,NA,NA,NA,NA
"ASSAM","NAGAON","KATHIATOLI",0,0,0,0,0
"ASSAM","NAGAON","KHAGARIJAN",0,0,0,0,0
"ASSAM","NAGAON","LANKA",0,0,0,0,0
"ASSAM","NAGAON","LAOKHOWA",NA,NA,NA,NA,NA
"ASSAM","NAGAON","RUPAHI",0,0,0,0,0
"ASSAM","NALBARI","BARIGOG BANBHAG",0,0,0,0,0
"ASSAM","NALBARI","BARKHETRI",0,0,0,0,0
"ASSAM","NALBARI","BASKA",0,0,0,0,0
"ASSAM","NALBARI","PASCHIM NALBARI",0,0,0,0,0
"ASSAM","NALBARI","PUB NALBARI",0,0,0,0,0
"ASSAM","NALBARI","TAMULPUR",0,0,0,0,0
"ASSAM","NALBARI","TIHU BARAMA",0,0,0,0,0
"ASSAM","NORTH CACHAR HILLS","DIYANG VALLEY",NA,NA,NA,NA,NA
"ASSAM","NORTH CACHAR HILLS","DIYUNGBRA",0,0,0,0,0
"ASSAM","NORTH CACHAR HILLS","HARANGAJAW",NA,NA,NA,NA,NA
"ASSAM","NORTH CACHAR HILLS","JATINGA VALLEY",NA,NA,NA,NA,NA
"ASSAM","SIBSAGAR","AMGURI",0,0,0,0,0
"ASSAM","SIBSAGAR","DEMOW",0,0,0,0,0
"ASSAM","SIBSAGAR","NAZIRA",NA,NA,NA,NA,NA
"ASSAM","SIBSAGAR","SAPEKHATI",0,0,0,0,0
"ASSAM","SIBSAGAR","SIBSAGAR",NA,NA,NA,NA,NA
"ASSAM","SIBSAGAR","SONARI",0,0,0,0,0
"ASSAM","SONITPUR","BALIPARA",NA,NA,NA,NA,NA
"ASSAM","SONITPUR","BEHALI",0,0,0,0,0
"ASSAM","SONITPUR","BISWANATH",NA,NA,NA,NA,NA
"ASSAM","SONITPUR","CHAIDUAR",0,0,0,0,0
"ASSAM","SONITPUR","DHEKIAJULI",0,0,0,0,0
"ASSAM","SONITPUR","GABHORU",NA,NA,NA,NA,NA
"ASSAM","SONITPUR","NADUAR",NA,NA,NA,NA,NA
"ASSAM","TINSUKIA","HAPJAN",0,0,0,0,0
"ASSAM","TINSUKIA","KAKOPATHAR",0,0,0,0,0
"ASSAM","TINSUKIA","MARGHERITA",0,0,0,0,0
"ASSAM","TINSUKIA","SADIYA",NA,NA,NA,NA,NA
"BIHAR","ARARIA","ARARIA",0,0,0,0,0
"BIHAR","ARARIA","BHARGAMA",NA,NA,NA,NA,NA
"BIHAR","ARARIA","FORBESGANJ",0,0,0,0,0
"BIHAR","ARARIA","JOKIHAT",NA,NA,NA,NA,NA
"BIHAR","ARARIA","KURSAKATTA",NA,NA,NA,NA,NA
"BIHAR","ARARIA","NARPAIGANJ",NA,NA,NA,NA,NA
"BIHAR","ARARIA","PALASI",NA,NA,NA,NA,NA
"BIHAR","ARARIA","RANIGANJ",NA,NA,NA,NA,NA
"BIHAR","ARARIA","SIKTI",NA,NA,NA,NA,NA
"BIHAR","AURANGABAD","AURANGABAD",0,0,0,0,0
"BIHAR","AURANGABAD","BARUN",0,0,0,0,0
"BIHAR","AURANGABAD","DAUDNAGAR",NA,NA,NA,NA,NA
"BIHAR","AURANGABAD","DEO",NA,NA,NA,NA,NA
"BIHAR","AURANGABAD","GOH",0,0,0,0,0
"BIHAR","AURANGABAD","HASPURA",0,0,0,0,0
"BIHAR","AURANGABAD","KUTUMBA",0,0,0,0,0
"BIHAR","AURANGABAD","MADANPUR",0,0,0,0,0
"BIHAR","AURANGABAD","NABINAGAR",15,15,0,0,30
"BIHAR","AURANGABAD","OBRA",NA,NA,NA,NA,NA
"BIHAR","AURANGABAD","RAFIGANJ",NA,NA,NA,NA,NA
"BIHAR","BANKA","AMARPUR",NA,NA,NA,NA,NA
"BIHAR","BANKA","BANKA",0,0,0,0,0
"BIHAR","BANKA","BARAHAT",NA,NA,NA,NA,NA
"BIHAR","BANKA","BAUSI",NA,NA,NA,NA,NA
"BIHAR","BANKA","BELHAR",NA,NA,NA,NA,NA
"BIHAR","BANKA","CHANAN",NA,NA,NA,NA,NA
"BIHAR","BANKA","DHURAIYA",0,0,0,0,0
"BIHAR","BANKA","KATORIA",NA,NA,NA,NA,NA
"BIHAR","BANKA","PHULLIDUMAR",NA,NA,NA,NA,NA
"BIHAR","BANKA","RAJAN",NA,NA,NA,NA,NA
"BIHAR","BANKA","SAMBHUGANJ",NA,NA,NA,NA,NA
"BIHAR","BEGUSARAI","BACHHAWARA",0,0,0,0,0
"BIHAR","BEGUSARAI","BAKHARI",0,0,0,0,0
"BIHAR","BEGUSARAI","BALIA",0,201,0,0,201
"BIHAR","BEGUSARAI","BARAUNI",0,0,0,0,0
"BIHAR","BEGUSARAI","BEGUSARAI",0,0,0,4,4
"BIHAR","BEGUSARAI","BHAGAWANPUR",0,0,0,0,0
"BIHAR","BEGUSARAI","BIRPUR",0,0,0,0,0
"BIHAR","BEGUSARAI","CHERIA BARIARPUR",5,11,3,2,21
"BIHAR","BEGUSARAI","CHHAURAHI",0,0,0,3,3
"BIHAR","BEGUSARAI","DANDARI",0,0,0,0,0
"BIHAR","BEGUSARAI","GARHPURA",0,0,0,0,0
"BIHAR","BEGUSARAI","KHUDABANDPUR",0,0,0,0,0
"BIHAR","BEGUSARAI","MANSURCHAK",0,0,0,0,0
"BIHAR","BEGUSARAI","MATIHANI",0,0,0,0,0
"BIHAR","BEGUSARAI","NAOKHOTHI",0,0,0,0,0
"BIHAR","BEGUSARAI","SAHEBPUR KAMAL",0,0,0,0,0
"BIHAR","BEGUSARAI","TEGHRA",82,98,10,8,198
"BIHAR","BHABUA","ADHAURA",NA,NA,NA,NA,NA
"BIHAR","BHABUA","BHABUA",2,2,0,0,4
"BIHAR","BHABUA","BHAGWANPUR",NA,NA,NA,NA,NA
"BIHAR","BHABUA","CHAINPUR",NA,NA,NA,NA,NA
"BIHAR","BHABUA","CHAND",0,0,0,0,0
"BIHAR","BHABUA","DURGAWATI",30,20,0,0,50
"BIHAR","BHABUA","KUDRA",0,0,0,0,0
"BIHAR","BHABUA","MOHANIA",0,0,0,0,0
"BIHAR","BHABUA","NUAWN",0,0,0,0,0
"BIHAR","BHABUA","RAMGAR",0,0,0,0,0
"BIHAR","BHABUA","RAMPUR",NA,NA,NA,NA,NA
"BIHAR","BHAGALPUR","BIHPUR",0,0,0,0,0
"BIHAR","BHAGALPUR","GAURIDIH",0,0,0,0,0
"BIHAR","BHAGALPUR","GOPALPUR",0,0,0,0,0
"BIHAR","BHAGALPUR","ISMAILPUR",NA,NA,NA,NA,NA
"BIHAR","BHAGALPUR","JAGDISHPUR",NA,NA,NA,NA,NA
"BIHAR","BHAGALPUR","KAHALGAON",0,0,0,0,0
"BIHAR","BHAGALPUR","KHARIK",0,0,0,0,0
"BIHAR","BHAGALPUR","NARAINPUR",0,0,0,0,0
"BIHAR","BHAGALPUR","NATHNAGAR",0,0,0,0,0
"BIHAR","BHAGALPUR","NAUGACHHIA",0,0,0,0,0
"BIHAR","BHAGALPUR","PIRPAINTI",0,0,0,0,0
"BIHAR","BHAGALPUR","RANGRACHOWK",0,0,0,0,0
"BIHAR","BHAGALPUR","SABOUR",0,0,0,0,0
"BIHAR","BHAGALPUR","SHAHKUND",NA,NA,NA,NA,NA
"BIHAR","BHAGALPUR","SONHAULLA",33,5,0,0,38
"BIHAR","BHAGALPUR","SULTANGANJ",0,0,0,0,0
"BIHAR","BHOJPUR","AGIAON",0,0,0,0,0
"BIHAR","BHOJPUR","ARRAHSADAR",0,0,0,0,0
"BIHAR","BHOJPUR","BARBARA",0,0,0,0,0
"BIHAR","BHOJPUR","BEHIA",0,0,0,0,0
"BIHAR","BHOJPUR","CHARPOKHARI",2,1,0,0,3
"BIHAR","BHOJPUR","GARHANI",0,0,0,0,0
"BIHAR","BHOJPUR","JAGDISHPUR",0,0,0,0,0
"BIHAR","BHOJPUR","KOILWAR",0,0,0,0,0
"BIHAR","BHOJPUR","PIRO",NA,NA,NA,NA,NA
"BIHAR","BHOJPUR","SAHAR",NA,NA,NA,NA,NA
"BIHAR","BHOJPUR","SAHPUR",0,0,0,0,0
"BIHAR","BHOJPUR","SANDISH",4,4,0,0,8
"BIHAR","BHOJPUR","TARARI",NA,NA,NA,NA,NA
"BIHAR","BHOJPUR","UDWABTNAGAR",75,75,15,0,165
"BIHAR","BOKARO","BERMO",NA,NA,NA,NA,NA
"BIHAR","BOKARO","CHANDAN KIYOI",NA,NA,NA,NA,NA
"BIHAR","BOKARO","CHAS",NA,NA,NA,NA,NA
"BIHAR","BOKARO","GOMIA",NA,NA,NA,NA,NA
"BIHAR","BOKARO","JARIDIH",NA,NA,NA,NA,NA
"BIHAR","BOKARO","KASMAR",NA,NA,NA,NA,NA
"BIHAR","BOKARO","NAWADIH",NA,NA,NA,NA,NA
"BIHAR","BOKARO","PETARWAR",NA,NA,NA,NA,NA
"BIHAR","BUXAR","BRAHAMPUR",10,0,0,0,10
"BIHAR","BUXAR","BUXAR",0,0,0,0,0
"BIHAR","BUXAR","CHANGAIN",0,0,0,0,0
"BIHAR","BUXAR","CHARKKI",NA,NA,NA,NA,NA
"BIHAR","BUXAR","CHAUSA",0,0,0,0,0
"BIHAR","BUXAR","DUMRAIN",0,0,0,0,0
"BIHAR","BUXAR","ITARHI",0,0,0,0,0
"BIHAR","BUXAR","KESATH",NA,NA,NA,NA,NA
"BIHAR","BUXAR","NAWANAGAR",NA,NA,NA,NA,NA
"BIHAR","BUXAR","RAJPUR",0,0,0,0,0
"BIHAR","BUXAR","SIMRI",0,0,0,0,0
"BIHAR","CHAMPARAN EAST","ADAPUR",0,0,0,0,0
"BIHAR","CHAMPARAN EAST","ARERAJ",0,0,0,0,0
"BIHAR","CHAMPARAN EAST","BANJARIA",NA,NA,NA,NA,NA
"BIHAR","CHAMPARAN EAST","CHAKIYA",0,0,0,0,0
"BIHAR","CHAMPARAN EAST","CHAURADANO",NA,NA,NA,NA,NA
"BIHAR","CHAMPARAN EAST","CHIRAIYA",NA,NA,NA,NA,NA
"BIHAR","CHAMPARAN EAST","DHAKA",0,0,0,0,0
"BIHAR","CHAMPARAN EAST","FENHARA",0,0,0,0,0
"BIHAR","CHAMPARAN EAST","GHORASAHAN",0,0,0,0,0
"BIHAR","CHAMPARAN EAST","HARSIDHI",4,2,0,0,6
"BIHAR","CHAMPARAN EAST","KALYANPUR",0,0,0,0,0
"BIHAR","CHAMPARAN EAST","KESARIA",14,35,0,0,49
"BIHAR","CHAMPARAN EAST","KOTWA",NA,NA,NA,NA,NA
"BIHAR","CHAMPARAN EAST","MADHUBAN",12,11,5,5,33
"BIHAR","CHAMPARAN EAST","MEHSHI",0,0,0,0,0
"BIHAR","CHAMPARAN EAST","MOTIHARI",0,0,0,0,0
"BIHAR","CHAMPARAN EAST","PAHARPUR",NA,NA,NA,NA,NA
"BIHAR","CHAMPARAN EAST","PAKARIDAYAL",0,0,0,0,0
"BIHAR","CHAMPARAN EAST","PATAHI",0,0,0,0,0
"BIHAR","CHAMPARAN EAST","PIPRAKOTHI",0,0,0,0,0
"BIHAR","CHAMPARAN EAST","RAMGARHWA",0,0,0,0,0
"BIHAR","CHAMPARAN EAST","RAXAUL",0,0,0,0,0
"BIHAR","CHAMPARAN EAST","SANGRAMPUR",0,0,0,0,0
"BIHAR","CHAMPARAN EAST","SUGAULI",0,0,0,0,0
"BIHAR","CHAMPARAN EAST","TETARIA",6,6,2,2,16
"BIHAR","CHAMPARAN EAST","TURKAULIA",0,0,0,0,0
"BIHAR","CHAMPARAN WEST","BAGAHA",NA,NA,NA,NA,NA
"BIHAR","CHAMPARAN WEST","BAIRIA",0,0,0,0,0
"BIHAR","CHAMPARAN WEST","BETTIAN",NA,NA,NA,NA,NA
"BIHAR","CHAMPARAN WEST","BHITAHA",NA,NA,NA,NA,NA
"BIHAR","CHAMPARAN WEST","CHANPATIYA",0,0,0,0,0
"BIHAR","CHAMPARAN WEST","GAUNAHA",NA,NA,NA,NA,NA
"BIHAR","CHAMPARAN WEST","LAURIYA",NA,NA,NA,NA,NA
"BIHAR","CHAMPARAN WEST","MADHUBANI",NA,NA,NA,NA,NA
"BIHAR","CHAMPARAN WEST","MAINATANR",NA,NA,NA,NA,NA
"BIHAR","CHAMPARAN WEST","MAJHAWALIA",0,0,0,0,0
"BIHAR","CHAMPARAN WEST","NARKATIYAGANJ",NA,NA,NA,NA,NA
"BIHAR","CHAMPARAN WEST","NAUTAN",0,0,0,0,0
"BIHAR","CHAMPARAN WEST","PIPRASI",NA,NA,NA,NA,NA
"BIHAR","CHAMPARAN WEST","RAMNAGAR",NA,NA,NA,NA,NA
"BIHAR","CHAMPARAN WEST","SIDHAW",NA,NA,NA,NA,NA
"BIHAR","CHAMPARAN WEST","SIKTA",NA,NA,NA,NA,NA
"BIHAR","CHAMPARAN WEST","THAKRAHA",NA,NA,NA,NA,NA
"BIHAR","CHAMPARAN WEST","YOGAPATTI",NA,NA,NA,NA,NA
"BIHAR","CHATRA","CHATRA",NA,NA,NA,NA,NA
"BIHAR","CHATRA","GIDDHAUR",NA,NA,NA,NA,NA
"BIHAR","CHATRA","HUNTERGANJ",NA,NA,NA,NA,NA
"BIHAR","CHATRA","ITKHORI",NA,NA,NA,NA,NA
"BIHAR","CHATRA","KUNDA",NA,NA,NA,NA,NA
"BIHAR","CHATRA","LAVALONG",NA,NA,NA,NA,NA
"BIHAR","CHATRA","PATTHERGARHA",NA,NA,NA,NA,NA
"BIHAR","CHATRA","PRATAP PUR",NA,NA,NA,NA,NA
"BIHAR","CHATRA","SEMARIA",NA,NA,NA,NA,NA
"BIHAR","CHATRA","TANDAWA",NA,NA,NA,NA,NA
"BIHAR","DARBHANGA","AUNAGAR",NA,NA,NA,NA,NA
"BIHAR","DARBHANGA","BAHADURPUR",0,0,0,0,0
"BIHAR","DARBHANGA","BAHERI",0,0,0,0,0
"BIHAR","DARBHANGA","BENIPUR",0,0,0,0,0
"BIHAR","DARBHANGA","BIRAUL",NA,NA,NA,NA,NA
"BIHAR","DARBHANGA","DARBHANGA",0,0,0,0,0
"BIHAR","DARBHANGA","GHANSHYAMPUR",NA,NA,NA,NA,NA
"BIHAR","DARBHANGA","GORA BOURAM",NA,NA,NA,NA,NA
"BIHAR","DARBHANGA","HAYAGHAT",0,0,0,0,0
"BIHAR","DARBHANGA","JALE",0,0,0,0,0
"BIHAR","DARBHANGA","KEOTI(RANWAY)",0,0,0,0,0
"BIHAR","DARBHANGA","KIRATPUR",NA,NA,NA,NA,NA
"BIHAR","DARBHANGA","KUSHESHWAR ASTHAN-EA",NA,NA,NA,NA,NA
"BIHAR","DARBHANGA","KVSHESHWAR ASTHAN",0,0,0,0,0
"BIHAR","DARBHANGA","MANIGACHHI",0,0,0,0,0
"BIHAR","DARBHANGA","SINGHWARA",0,0,0,0,0
"BIHAR","DEOGHAR","DEOGHAR",NA,NA,NA,NA,NA
"BIHAR","DEOGHAR","DEVIPUR",NA,NA,NA,NA,NA
"BIHAR","DEOGHAR","KARON",NA,NA,NA,NA,NA
"BIHAR","DEOGHAR","MADHUPUR",NA,NA,NA,NA,NA
"BIHAR","DEOGHAR","MOHANPUR",NA,NA,NA,NA,NA
"BIHAR","DEOGHAR","PALAJORI",NA,NA,NA,NA,NA
"BIHAR","DEOGHAR","SARATH",NA,NA,NA,NA,NA
"BIHAR","DEOGHAR","SARWAN",NA,NA,NA,NA,NA
"BIHAR","DHANBAD","BAGHMARA",NA,NA,NA,NA,NA
"BIHAR","DHANBAD","BALIAPUR",NA,NA,NA,NA,NA
"BIHAR","DHANBAD","DHANBAD",NA,NA,NA,NA,NA
"BIHAR","DHANBAD","GOBINDPUR",NA,NA,NA,NA,NA
"BIHAR","DHANBAD","JHARIA",NA,NA,NA,NA,NA
"BIHAR","DHANBAD","NIRSA",NA,NA,NA,NA,NA
"BIHAR","DHANBAD","TOPCHACHI",NA,NA,NA,NA,NA
"BIHAR","DHANBAD","TUNDI",NA,NA,NA,NA,NA
"BIHAR","DUMKA","DUMKA",0,2,0,0,2
"BIHAR","DUMKA","GOPIKANDAR",NA,NA,NA,NA,NA
"BIHAR","DUMKA","JAMA",NA,NA,NA,NA,NA
"BIHAR","DUMKA","JAMTARA",NA,NA,NA,NA,NA
"BIHAR","DUMKA","JARMUNDI",NA,NA,NA,NA,NA
"BIHAR","DUMKA","KATHIKUND",NA,NA,NA,NA,NA
"BIHAR","DUMKA","KUNDHIT",NA,NA,NA,NA,NA
"BIHAR","DUMKA","MASALIA",NA,NA,NA,NA,NA
"BIHAR","DUMKA","NALA",NA,NA,NA,NA,NA
"BIHAR","DUMKA","NARAYANPUR",NA,NA,NA,NA,NA
"BIHAR","DUMKA","RAMGARH",NA,NA,NA,NA,NA
"BIHAR","DUMKA","RANESHWAR",NA,NA,NA,NA,NA
"BIHAR","DUMKA","SARAIYAHAT",NA,NA,NA,NA,NA
"BIHAR","DUMKA","SHIKARIPARA",NA,NA,NA,NA,NA
"BIHAR","GARHWA","BHANDARIA",NA,NA,NA,NA,NA
"BIHAR","GARHWA","BHAWNATHPUR",NA,NA,NA,NA,NA
"BIHAR","GARHWA","CHIRIA",NA,NA,NA,NA,NA
"BIHAR","GARHWA","DANDAI",NA,NA,NA,NA,NA
"BIHAR","GARHWA","DHURKI",NA,NA,NA,NA,NA
"BIHAR","GARHWA","GARHWA",NA,NA,NA,NA,NA
"BIHAR","GARHWA","KHARAUNDHI",NA,NA,NA,NA,NA
"BIHAR","GARHWA","MAJHIAURA",0,0,0,0,0
"BIHAR","GARHWA","MEVAL",NA,NA,NA,NA,NA
"BIHAR","GARHWA","NAYARKTARI",NA,NA,NA,NA,NA
"BIHAR","GARHWA","RAMIA",NA,NA,NA,NA,NA
"BIHAR","GARHWA","RAMKANDA",NA,NA,NA,NA,NA
"BIHAR","GARHWA","RANKA",NA,NA,NA,NA,NA
"BIHAR","GAYA","AMAS",NA,NA,NA,NA,NA
"BIHAR","GAYA","ATARI",NA,NA,NA,NA,NA
"BIHAR","GAYA","BANROYBAZAR",NA,NA,NA,NA,NA
"BIHAR","GAYA","BARACHATTI",NA,NA,NA,NA,NA
"BIHAR","GAYA","BELAGANJ",0,0,0,0,0
"BIHAR","GAYA","BODHGAYA",NA,NA,NA,NA,NA
"BIHAR","GAYA","DOBBI",NA,NA,NA,NA,NA
"BIHAR","GAYA","DUMARIA",NA,NA,NA,NA,NA
"BIHAR","GAYA","FETHPUR",NA,NA,NA,NA,NA
"BIHAR","GAYA","GARARU",NA,NA,NA,NA,NA
"BIHAR","GAYA","GAYA SADAR",0,0,0,0,0
"BIHAR","GAYA","GURUA",NA,NA,NA,NA,NA
"BIHAR","GAYA","IMAMGANJ",NA,NA,NA,NA,NA
"BIHAR","GAYA","KHIZIRSORAI",NA,NA,NA,NA,NA
"BIHAR","GAYA","KONCH",NA,NA,NA,NA,NA
"BIHAR","GAYA","MANPUR",0,0,0,0,0
"BIHAR","GAYA","MOHANPUR",NA,NA,NA,NA,NA
"BIHAR","GAYA","NIMCHAK BATHANI",NA,NA,NA,NA,NA
"BIHAR","GAYA","PARAIYA",0,0,0,0,0
"BIHAR","GAYA","SHERGHATI",0,0,0,0,0
"BIHAR","GAYA","TANKUPPA",NA,NA,NA,NA,NA
"BIHAR","GAYA","TEKARI",0,0,0,0,0
"BIHAR","GAYA","WAZGANJ",NA,NA,NA,NA,NA
"BIHAR","GIRIDIH","BAGODAR",NA,NA,NA,NA,NA
"BIHAR","GIRIDIH","BENGABAD",0,0,0,0,0
"BIHAR","GIRIDIH","BIRNI",NA,NA,NA,NA,NA
"BIHAR","GIRIDIH","DEORI",NA,NA,NA,NA,NA
"BIHAR","GIRIDIH","DYMIR",NA,NA,NA,NA,NA
"BIHAR","GIRIDIH","GANDEY",NA,NA,NA,NA,NA
"BIHAR","GIRIDIH","GAWAN",NA,NA,NA,NA,NA
"BIHAR","GIRIDIH","GIRIDIH",NA,NA,NA,NA,NA
"BIHAR","GIRIDIH","JAMYA",NA,NA,NA,NA,NA
"BIHAR","GIRIDIH","PIRTANR",NA,NA,NA,NA,NA
"BIHAR","GIRIDIH","RAJ DHANWAR",NA,NA,NA,NA,NA
"BIHAR","GIRIDIH","TISRI",NA,NA,NA,NA,NA
"BIHAR","GODDA","BOARIJORE",NA,NA,NA,NA,NA
"BIHAR","GODDA","GODDA",NA,NA,NA,NA,NA
"BIHAR","GODDA","MAHAGAMA",NA,NA,NA,NA,NA
"BIHAR","GODDA","MEHARWAN",NA,NA,NA,NA,NA
"BIHAR","GODDA","PATHARGAMA",NA,NA,NA,NA,NA
"BIHAR","GODDA","PORAIYHAT",NA,NA,NA,NA,NA
"BIHAR","GODDA","SUNDAR PAHARI",NA,NA,NA,NA,NA
"BIHAR","GODDA","THAKUR BANGTI",NA,NA,NA,NA,NA
"BIHAR","GOPALGANJ","BAIKUNTHPUR",0,0,0,0,0
"BIHAR","GOPALGANJ","BARAULI",15,0,0,0,15
"BIHAR","GOPALGANJ","BHOREY",0,0,0,0,0
"BIHAR","GOPALGANJ","BIJAIPUR",8,27,0,0,35
"BIHAR","GOPALGANJ","GOPALGANJ",0,0,0,0,0
"BIHAR","GOPALGANJ","HATHUA",0,0,0,0,0
"BIHAR","GOPALGANJ","KATAIYA",NA,NA,NA,NA,NA
"BIHAR","GOPALGANJ","KUCHAIKOTE",0,0,0,0,0
"BIHAR","GOPALGANJ","MANJHA",0,0,0,0,0
"BIHAR","GOPALGANJ","PHULWARIYA",1,1,0,0,2
"BIHAR","GOPALGANJ","PUNCHDEORI",0,0,0,0,0
"BIHAR","GOPALGANJ","SIDHWALIA",0,0,0,0,0
"BIHAR","GOPALGANJ","THAWE",0,0,0,0,0
"BIHAR","GOPALGANJ","UCHKAGAON",0,0,0,0,0
"BIHAR","GUMLA","BALBA",NA,NA,NA,NA,NA
"BIHAR","GUMLA","BANO",NA,NA,NA,NA,NA
"BIHAR","GUMLA","BASIA",NA,NA,NA,NA,NA
"BIHAR","GUMLA","BHARNO",NA,NA,NA,NA,NA
"BIHAR","GUMLA","BISHUNPUR",NA,NA,NA,NA,NA
"BIHAR","GUMLA","CHAINPUR",NA,NA,NA,NA,NA
"BIHAR","GUMLA","DUMRI",NA,NA,NA,NA,NA
"BIHAR","GUMLA","GHAGHRA",NA,NA,NA,NA,NA
"BIHAR","GUMLA","GUMLA",NA,NA,NA,NA,NA
"BIHAR","GUMLA","JALDEGA",NA,NA,NA,NA,NA
"BIHAR","GUMLA","KANIDARA",NA,NA,NA,NA,NA
"BIHAR","GUMLA","KOLUBIRA",NA,NA,NA,NA,NA
"BIHAR","GUMLA","KURDEG",NA,NA,NA,NA,NA
"BIHAR","GUMLA","PALKOT",NA,NA,NA,NA,NA
"BIHAR","GUMLA","RAIDIH",NA,NA,NA,NA,NA
"BIHAR","GUMLA","SIMDEGA",NA,NA,NA,NA,NA
"BIHAR","GUMLA","SISAI",NA,NA,NA,NA,NA
"BIHAR","GUMLA","THETHAITANGA",NA,NA,NA,NA,NA
"BIHAR","HAZARIBAG","BARHI",NA,NA,NA,NA,NA
"BIHAR","HAZARIBAG","BARKAGAON",NA,NA,NA,NA,NA
"BIHAR","HAZARIBAG","BARKATTHA",NA,NA,NA,NA,NA
"BIHAR","HAZARIBAG","BISHNUGARH",NA,NA,NA,NA,NA
"BIHAR","HAZARIBAG","CHAUPARAN",NA,NA,NA,NA,NA
"BIHAR","HAZARIBAG","CHURCHU",NA,NA,NA,NA,NA
"BIHAR","HAZARIBAG","GOLA",NA,NA,NA,NA,NA
"BIHAR","HAZARIBAG","HAZARIBAGH",NA,NA,NA,NA,NA
"BIHAR","HAZARIBAG","ICHAK",NA,NA,NA,NA,NA
"BIHAR","HAZARIBAG","KATKAMSANDI",NA,NA,NA,NA,NA
"BIHAR","HAZARIBAG","KEREDARI",NA,NA,NA,NA,NA
"BIHAR","HAZARIBAG","MANDY",NA,NA,NA,NA,NA
"BIHAR","HAZARIBAG","PADMA",NA,NA,NA,NA,NA
"BIHAR","HAZARIBAG","PATRATU",NA,NA,NA,NA,NA
"BIHAR","HAZARIBAG","RAMGARH",NA,NA,NA,NA,NA
"BIHAR","JAMUI","ALIGANJ",NA,NA,NA,NA,NA
"BIHAR","JAMUI","BARHAT",0,0,0,0,0
"BIHAR","JAMUI","CHAKAI",NA,NA,NA,NA,NA
"BIHAR","JAMUI","GIDHOUR",NA,NA,NA,NA,NA
"BIHAR","JAMUI","JAMUI",NA,NA,NA,NA,NA
"BIHAR","JAMUI","JHAJHA",2,1,0,0,3
"BIHAR","JAMUI","KHAIRA",NA,NA,NA,NA,NA
"BIHAR","JAMUI","LAKSHMIPUR",NA,NA,NA,NA,NA
"BIHAR","JAMUI","SIKANDRA",3,18,0,0,21
"BIHAR","JAMUI","SONO",NA,NA,NA,NA,NA
"BIHAR","JEHANABAD","ARWAL",NA,NA,NA,NA,NA
"BIHAR","JEHANABAD","BANSI SURUJPUR",NA,NA,NA,NA,NA
"BIHAR","JEHANABAD","GHOSI",NA,NA,NA,NA,NA
"BIHAR","JEHANABAD","JEHANABAD",0,0,0,0,0
"BIHAR","JEHANABAD","KAKU",0,0,0,0,0
"BIHAR","JEHANABAD","KALEV",NA,NA,NA,NA,NA
"BIHAR","JEHANABAD","KARPI",0,0,0,0,0
"BIHAR","JEHANABAD","KURTHA",0,0,0,0,0
"BIHAR","JEHANABAD","MAKHDOMPUR",0,0,0,0,0
"BIHAR","JEHANABAD","RATNI FARIDPUR",NA,NA,NA,NA,NA
"BIHAR","KATIHAR","AMDABAET",NA,NA,NA,NA,NA
"BIHAR","KATIHAR","AZAMNAGAR",NA,NA,NA,NA,NA
"BIHAR","KATIHAR","BALRAMPUR",NA,NA,NA,NA,NA
"BIHAR","KATIHAR","BANPUR",NA,NA,NA,NA,NA
"BIHAR","KATIHAR","BARARI",0,0,0,0,0
"BIHAR","KATIHAR","BARSOI",NA,NA,NA,NA,NA
"BIHAR","KATIHAR","DANDKHORA",NA,NA,NA,NA,NA
"BIHAR","KATIHAR","FALKA",0,0,0,0,0
"BIHAR","KATIHAR","HASANGANJ",0,0,0,0,0
"BIHAR","KATIHAR","KADWA",NA,NA,NA,NA,NA
"BIHAR","KATIHAR","KATIHAR",NA,NA,NA,NA,NA
"BIHAR","KATIHAR","KORHA",NA,NA,NA,NA,NA
"BIHAR","KATIHAR","KURSELA",NA,NA,NA,NA,NA
"BIHAR","KATIHAR","MANIHARI",NA,NA,NA,NA,NA
"BIHAR","KATIHAR","MANSHAHI",NA,NA,NA,NA,NA
"BIHAR","KATIHAR","SAMELI",NA,NA,NA,NA,NA
"BIHAR","KHAGARIA","ALAULI",0,0,0,0,0
"BIHAR","KHAGARIA","BELDAUR",NA,NA,NA,NA,NA
"BIHAR","KHAGARIA","CHAUTHAM",0,0,0,0,0
"BIHAR","KHAGARIA","GOGRI",0,0,0,0,0
"BIHAR","KHAGARIA","KHAGARIA",0,0,0,0,0
"BIHAR","KHAGARIA","MANSI",0,0,0,0,0
"BIHAR","KHAGARIA","PARBATTA",0,0,0,0,0
"BIHAR","KISHANGANJ","BAHADURGANJ",0,0,0,0,0
"BIHAR","KISHANGANJ","DHIGHATBANK",NA,NA,NA,NA,NA
"BIHAR","KISHANGANJ","KISHANGANJ",0,0,0,0,0
"BIHAR","KISHANGANJ","KOCHADHAMIN",0,0,0,0,0
"BIHAR","KISHANGANJ","POTHIA",0,0,0,0,0
"BIHAR","KISHANGANJ","TERHAGACHH",NA,NA,NA,NA,NA
"BIHAR","KISHANGANJ","THAKURGANJ",0,0,0,0,0
"BIHAR","KODARMA","CHANDWA",NA,NA,NA,NA,NA
"BIHAR","KODARMA","JAINAGAR",NA,NA,NA,NA,NA
"BIHAR","KODARMA","KODARAMA",NA,NA,NA,NA,NA
"BIHAR","KODARMA","MARKACHO",0,0,0,0,0
"BIHAR","KODARMA","SATGAWAN",NA,NA,NA,NA,NA
"BIHAR","LAKHISARAI","BARAHIYA",0,0,0,0,0
"BIHAR","LAKHISARAI","HALSI",0,0,0,0,0
"BIHAR","LAKHISARAI","LOKHISARAI",0,0,0,0,0
"BIHAR","LAKHISARAI","PIPARIA",0,0,0,0,0
"BIHAR","LAKHISARAI","SURAJGARA",120,110,0,0,230
"BIHAR","LOHARDAGA","BHANDRA",NA,NA,NA,NA,NA
"BIHAR","LOHARDAGA","KISKO",NA,NA,NA,NA,NA
"BIHAR","LOHARDAGA","KURU",NA,NA,NA,NA,NA
"BIHAR","LOHARDAGA","LOHARDAGA",NA,NA,NA,NA,NA
"BIHAR","LOHARDAGA","SENHA",NA,NA,NA,NA,NA
"BIHAR","MADHEPURA","ALAMNAGAR",NA,NA,NA,NA,NA
"BIHAR","MADHEPURA","BIHARIGANJ",NA,NA,NA,NA,NA
"BIHAR","MADHEPURA","CHAUSA",0,0,0,0,0
"BIHAR","MADHEPURA","GAWALPARA",0,0,0,0,0
"BIHAR","MADHEPURA","KUMAR KHAND",NA,NA,NA,NA,NA
"BIHAR","MADHEPURA","MADHEPURA",NA,NA,NA,NA,NA
"BIHAR","MADHEPURA","MURLIGANJ",NA,NA,NA,NA,NA
"BIHAR","MADHEPURA","PURAINI",NA,NA,NA,NA,NA
"BIHAR","MADHEPURA","SHANKERPUR",NA,NA,NA,NA,NA
"BIHAR","MADHEPURA","SINGHESWAR",NA,NA,NA,NA,NA
"BIHAR","MADHEPURA","UDA KISHANGANJ",0,0,0,0,0
"BIHAR","MADHUBANI","ANDHARADATHI",0,0,0,0,0
"BIHAR","MADHUBANI","BABUBARHI",0,0,0,0,0
"BIHAR","MADHUBANI","BASOPATTI",0,0,0,0,0
"BIHAR","MADHUBANI","BENIPATTI",0,0,0,0,0
"BIHAR","MADHUBANI","BISFI",0,0,0,0,0
"BIHAR","MADHUBANI","GHOGARDIHA",NA,NA,NA,NA,NA
"BIHAR","MADHUBANI","HARLAKHI",0,0,0,0,0
"BIHAR","MADHUBANI","JAITYAGAR",0,0,0,0,0
"BIHAR","MADHUBANI","JHANJHARPUR",0,0,0,0,0
"BIHAR","MADHUBANI","KHAJAULI",0,0,0,0,0
"BIHAR","MADHUBANI","LADANIA",0,0,0,0,0
"BIHAR","MADHUBANI","LAKHNAUR",0,0,0,0,0
"BIHAR","MADHUBANI","LAUKAHA",0,0,0,0,0
"BIHAR","MADHUBANI","LAUKAHI",1,3,2,2,8
"BIHAR","MADHUBANI","MADHAWAPUR",NA,NA,NA,NA,NA
"BIHAR","MADHUBANI","MADUBANI",0,0,0,8,8
"BIHAR","MADHUBANI","MEDEPUR",0,0,0,0,0
"BIHAR","MADHUBANI","PANDAUL",0,0,0,0,0
"BIHAR","MADHUBANI","PHULPARAS",0,0,0,0,0
"BIHAR","MADHUBANI","RAJNAGAR",0,0,0,0,0
"BIHAR","MUNGER","BARIAPUR",NA,NA,NA,NA,NA
"BIHAR","MUNGER","DHARHARA",NA,NA,NA,NA,NA
"BIHAR","MUNGER","JAMALPUR",7,7,0,0,14
"BIHAR","MUNGER","KHARAGPUR",NA,NA,NA,NA,NA
"BIHAR","MUNGER","MUNGER",NA,NA,NA,NA,NA
"BIHAR","MUNGER","SANGRAMPUR",NA,NA,NA,NA,NA
"BIHAR","MUNGER","TARAPUR",NA,NA,NA,NA,NA
"BIHAR","MUNGER","TETIA BUMBER",NA,NA,NA,NA,NA
"BIHAR","MUZAFFARPUR","AURAI",0,0,0,0,0
"BIHAR","MUZAFFARPUR","BANDRA",0,0,0,0,0
"BIHAR","MUZAFFARPUR","BOCHAHA",0,0,0,0,0
"BIHAR","MUZAFFARPUR","GAIGHAT",0,0,0,0,0
"BIHAR","MUZAFFARPUR","KANTI",0,0,0,0,0
"BIHAR","MUZAFFARPUR","KATRA",0,0,0,0,0
"BIHAR","MUZAFFARPUR","KURHANI",0,0,0,0,0
"BIHAR","MUZAFFARPUR","MINAPUR",0,0,0,0,0
"BIHAR","MUZAFFARPUR","MORAUL",0,0,0,0,0
"BIHAR","MUZAFFARPUR","MOTIPUR",0,0,0,0,0
"BIHAR","MUZAFFARPUR","MUSHAHARI",0,0,0,0,0
"BIHAR","MUZAFFARPUR","PAROO",0,0,0,0,0
"BIHAR","MUZAFFARPUR","SAHEBGANJ",0,0,0,0,0
"BIHAR","MUZAFFARPUR","SAKRA",0,0,0,0,0
"BIHAR","MUZAFFARPUR","SARAIYA",0,0,0,0,0
"BIHAR","NALANDA","ASTHAWAN",0,0,0,0,0
"BIHAR","NALANDA","BEN",0,0,0,0,0
"BIHAR","NALANDA","BIHARSARIF",0,0,0,0,0
"BIHAR","NALANDA","BIND",0,0,0,0,0
"BIHAR","NALANDA","CHANDI",0,0,0,0,0
"BIHAR","NALANDA","EKANGARSARAI",46,2,1,1,50
"BIHAR","NALANDA","GIRIAK",0,0,0,0,0
"BIHAR","NALANDA","HARNAUT",0,0,0,0,0
"BIHAR","NALANDA","HILSA",0,0,0,0,0
"BIHAR","NALANDA","ISLAMPUR",0,0,0,0,0
"BIHAR","NALANDA","KARAI PARSURAI",NA,NA,NA,NA,NA
"BIHAR","NALANDA","KATRISARAI",0,0,0,0,0
"BIHAR","NALANDA","NAGAR NAUSA",0,0,0,0,0
"BIHAR","NALANDA","NOORSARAI",8,12,6,0,26
"BIHAR","NALANDA","PARWALPUR",0,0,0,0,0
"BIHAR","NALANDA","RAHUI",0,0,0,0,0
"BIHAR","NALANDA","RAJGIR",NA,NA,NA,NA,NA
"BIHAR","NALANDA","SARMERA",0,0,0,0,0
"BIHAR","NALANDA","SILAO",NA,NA,NA,NA,NA
"BIHAR","NALANDA","THARTHARI",0,0,0,0,0
"BIHAR","NAWADA","AKBARPUR",NA,NA,NA,NA,NA
"BIHAR","NAWADA","GOBINDPUR",NA,NA,NA,NA,NA
"BIHAR","NAWADA","HISUA",0,0,0,0,0
"BIHAR","NAWADA","KANWAKOL",NA,NA,NA,NA,NA
"BIHAR","NAWADA","KASHICHOK",0,0,0,0,0
"BIHAR","NAWADA","MESKAUR",NA,NA,NA,NA,NA
"BIHAR","NAWADA","NARDIGANJ",NA,NA,NA,NA,NA
"BIHAR","NAWADA","NARHAT",NA,NA,NA,NA,NA
"BIHAR","NAWADA","NAWADA",97,59,4,0,160
"BIHAR","NAWADA","PAKRIWARAMA",0,0,0,0,0
"BIHAR","NAWADA","RAJANLI",0,0,0,0,0
"BIHAR","NAWADA","ROH",0,0,0,0,0
"BIHAR","NAWADA","SIRDOLA",0,0,0,0,0
"BIHAR","NAWADA","WARSHALAGANJ",100,14,5,5,124
"BIHAR","PAKUR","AMRAPARA",NA,NA,NA,NA,NA
"BIHAR","PAKUR","HIRANPUR",NA,NA,NA,NA,NA
"BIHAR","PAKUR","LITIPARA",NA,NA,NA,NA,NA
"BIHAR","PAKUR","MAHESHPUR",NA,NA,NA,NA,NA
"BIHAR","PAKUR","PAKUR",0,4,0,0,4
"BIHAR","PAKUR","PAKURIA",NA,NA,NA,NA,NA
"BIHAR","PALAMU","BALUMATH",NA,NA,NA,NA,NA
"BIHAR","PALAMU","BARWADIH",NA,NA,NA,NA,NA
"BIHAR","PALAMU","BISHRAMPUR",NA,NA,NA,NA,NA
"BIHAR","PALAMU","CHAINPUR",NA,NA,NA,NA,NA
"BIHAR","PALAMU","CHANDWA",NA,NA,NA,NA,NA
"BIHAR","PALAMU","CHHALAPUR",NA,NA,NA,NA,NA
"BIHAR","PALAMU","DALTENGANJ",NA,NA,NA,NA,NA
"BIHAR","PALAMU","GARU",NA,NA,NA,NA,NA
"BIHAR","PALAMU","HARIHARGANJ",NA,NA,NA,NA,NA
"BIHAR","PALAMU","HUSAINABAD",NA,NA,NA,NA,NA
"BIHAR","PALAMU","LATEHAR",NA,NA,NA,NA,NA
"BIHAR","PALAMU","LESTIGANJ",NA,NA,NA,NA,NA
"BIHAR","PALAMU","MAHUADANR",NA,NA,NA,NA,NA
"BIHAR","PALAMU","MANATU",NA,NA,NA,NA,NA
"BIHAR","PALAMU","MANIKA",NA,NA,NA,NA,NA
"BIHAR","PALAMU","PANKI",NA,NA,NA,NA,NA
"BIHAR","PALAMU","PATAN",NA,NA,NA,NA,NA
"BIHAR","PALAMU","SATWARWH",NA,NA,NA,NA,NA
"BIHAR","PATNA","ATHMAL GOLA",0,0,0,0,0
"BIHAR","PATNA","BAKHTIARPUR",0,0,0,0,0
"BIHAR","PATNA","BARH",0,0,0,0,0
"BIHAR","PATNA","BELCHI",NA,NA,NA,NA,NA
"BIHAR","PATNA","BIHTA",0,0,0,0,0
"BIHAR","PATNA","BIKRAM",0,0,0,0,0
"BIHAR","PATNA","DANAPUR",0,0,0,0,0
"BIHAR","PATNA","DANIAWAN",0,0,0,0,0
"BIHAR","PATNA","DHANARUA",0,0,0,0,0
"BIHAR","PATNA","DULHAN BAZAR",4,4,0,0,8
"BIHAR","PATNA","FATUHA",0,0,0,0,0
"BIHAR","PATNA","GHOSWARI",NA,NA,NA,NA,NA
"BIHAR","PATNA","KHUSRUPUR",0,0,0,0,0
"BIHAR","PATNA","MANER",0,0,0,0,0
"BIHAR","PATNA","MASAURHI",0,0,0,0,0
"BIHAR","PATNA","MOKAMAH",0,0,0,0,0
"BIHAR","PATNA","NAUBATPUR",0,0,0,0,0
"BIHAR","PATNA","PALIGANJ",150,80,30,0,260
"BIHAR","PATNA","PANDARAK",0,0,0,0,0
"BIHAR","PATNA","PATNA SADAR",0,0,0,0,0
"BIHAR","PATNA","PHULWARISARIF",0,0,1,0,1
"BIHAR","PATNA","PUNPUN",0,0,0,0,0
"BIHAR","PATNA","SAMPATCHAK",0,0,0,0,0
"BIHAR","PURNIA","AMOUR",NA,NA,NA,NA,NA
"BIHAR","PURNIA","BAISA",NA,NA,NA,NA,NA
"BIHAR","PURNIA","BAISI",NA,NA,NA,NA,NA
"BIHAR","PURNIA","BAMNANKHI",NA,NA,NA,NA,NA
"BIHAR","PURNIA","BARAHARAKOTHI",NA,NA,NA,NA,NA
"BIHAR","PURNIA","BHAWANIPUR",NA,NA,NA,NA,NA
"BIHAR","PURNIA","DAGARUA",NA,NA,NA,NA,NA
"BIHAR","PURNIA","DHAMDAHA",NA,NA,NA,NA,NA
"BIHAR","PURNIA","JALALGARH",NA,NA,NA,NA,NA
"BIHAR","PURNIA","KASBA",NA,NA,NA,NA,NA
"BIHAR","PURNIA","KRITYANANDNAGAR",NA,NA,NA,NA,NA
"BIHAR","PURNIA","PURNIA EAST",0,0,0,0,0
"BIHAR","PURNIA","RUPAULI",0,0,0,0,0
"BIHAR","PURNIA","SOINAGAR",NA,NA,NA,NA,NA
"BIHAR","RANCHI","ANGARA",NA,NA,NA,NA,NA
"BIHAR","RANCHI","ARKI",NA,NA,NA,NA,NA
"BIHAR","RANCHI","BERO",NA,NA,NA,NA,NA
"BIHAR","RANCHI","BUNDU",NA,NA,NA,NA,NA
"BIHAR","RANCHI","BURMU",NA,NA,NA,NA,NA
"BIHAR","RANCHI","CHANHO",NA,NA,NA,NA,NA
"BIHAR","RANCHI","KANKE",NA,NA,NA,NA,NA
"BIHAR","RANCHI","KARRA",NA,NA,NA,NA,NA
"BIHAR","RANCHI","KHUNTI",NA,NA,NA,NA,NA
"BIHAR","RANCHI","LAPUNG",NA,NA,NA,NA,NA
"BIHAR","RANCHI","MANDAR",NA,NA,NA,NA,NA
"BIHAR","RANCHI","MURHU",NA,NA,NA,NA,NA
"BIHAR","RANCHI","NAMKUM",NA,NA,NA,NA,NA
"BIHAR","RANCHI","ORMANJI",NA,NA,NA,NA,NA
"BIHAR","RANCHI","RANIA",NA,NA,NA,NA,NA
"BIHAR","RANCHI","RATU",NA,NA,NA,NA,NA
"BIHAR","RANCHI","SILLI",NA,NA,NA,NA,NA
"BIHAR","RANCHI","SONAHATU",NA,NA,NA,NA,NA
"BIHAR","RANCHI","TAMAR",NA,NA,NA,NA,NA
"BIHAR","RANCHI","TORPA",NA,NA,NA,NA,NA
"BIHAR","ROHTAS","AKORHIGOLA",8,0,0,0,8
"BIHAR","ROHTAS","BIKRAMGANJ",NA,NA,NA,NA,NA
"BIHAR","ROHTAS","CHENARI",5,4,0,0,9
"BIHAR","ROHTAS","DAWATH",NA,NA,NA,NA,NA
"BIHAR","ROHTAS","DEHRI",0,0,0,0,0
"BIHAR","ROHTAS","DINARA",NA,NA,NA,NA,NA
"BIHAR","ROHTAS","KARAKAT",NA,NA,NA,NA,NA
"BIHAR","ROHTAS","KARGHAHAR",NA,NA,NA,NA,NA
"BIHAR","ROHTAS","KUCHAI",NA,NA,NA,NA,NA
"BIHAR","ROHTAS","NASHRIGANJ",NA,NA,NA,NA,NA
"BIHAR","ROHTAS","NAWHATTA",0,0,0,0,0
"BIHAR","ROHTAS","NOKHA",0,0,0,0,0
"BIHAR","ROHTAS","RAJPUR",NA,NA,NA,NA,NA
"BIHAR","ROHTAS","ROHTAS",0,0,0,0,0
"BIHAR","ROHTAS","SANJHANLI",NA,NA,NA,NA,NA
"BIHAR","ROHTAS","SASARAM",0,0,0,0,0
"BIHAR","ROHTAS","SHEOSAGAR",NA,NA,NA,NA,NA
"BIHAR","ROHTAS","SURJPURA",NA,NA,NA,NA,NA
"BIHAR","ROHTAS","TELAUTHU",18,14,0,0,32
"BIHAR","SAHARSA","BANMA ITAHARI",NA,NA,NA,NA,NA
"BIHAR","SAHARSA","KAHRA",0,0,0,0,0
"BIHAR","SAHARSA","MAHISHI",NA,NA,NA,NA,NA
"BIHAR","SAHARSA","NAUHATTA",NA,NA,NA,NA,NA
"BIHAR","SAHARSA","PATARGHAT",NA,NA,NA,NA,NA
"BIHAR","SAHARSA","SALAKHUA",NA,NA,NA,NA,NA
"BIHAR","SAHARSA","SATTAR KATAIYA",0,0,0,0,0
"BIHAR","SAHARSA","SAUR BAZAR",0,0,0,0,0
"BIHAR","SAHARSA","SIMORI BAKHTIARPUR",NA,NA,NA,NA,NA
"BIHAR","SAHARSA","SONBARSA",0,0,0,0,0
"BIHAR","SAHEBGANJ","BARHAIT",NA,NA,NA,NA,NA
"BIHAR","SAHEBGANJ","BARHARWA",NA,NA,NA,NA,NA
"BIHAR","SAHEBGANJ","BORIO",NA,NA,NA,NA,NA
"BIHAR","SAHEBGANJ","MANDRO",NA,NA,NA,NA,NA
"BIHAR","SAHEBGANJ","PATHNA",NA,NA,NA,NA,NA
"BIHAR","SAHEBGANJ","RAJMAHAL",NA,NA,NA,NA,NA
"BIHAR","SAHEBGANJ","SAHEBGANJ",NA,NA,NA,NA,NA
"BIHAR","SAHEBGANJ","TALJHARI",NA,NA,NA,NA,NA
"BIHAR","SAHEBGANJ","UDHUWA",NA,NA,NA,NA,NA
"BIHAR","SAMASTIPUR","BIBHUTIPUR",0,0,0,0,0
"BIHAR","SAMASTIPUR","BITHAN",0,0,0,0,0
"BIHAR","SAMASTIPUR","DALSINGHSARAI",0,0,0,0,0
"BIHAR","SAMASTIPUR","HASANPUR",0,0,0,0,0
"BIHAR","SAMASTIPUR","KALYANPUR",0,0,0,0,0
"BIHAR","SAMASTIPUR","KHANPUR",0,0,0,0,0
"BIHAR","SAMASTIPUR","MOHANPUR",NA,NA,NA,NA,NA
"BIHAR","SAMASTIPUR","MOHIUDDIN NAGAR",NA,NA,NA,NA,NA
"BIHAR","SAMASTIPUR","MORWA",NA,NA,NA,NA,NA
"BIHAR","SAMASTIPUR","PATORI",0,0,0,0,0
"BIHAR","SAMASTIPUR","PUSA",0,0,0,0,0
"BIHAR","SAMASTIPUR","ROSERA",0,0,0,0,0
"BIHAR","SAMASTIPUR","SAMASTIPUR",0,0,0,0,0
"BIHAR","SAMASTIPUR","SARAIRANJAN",0,0,0,0,0
"BIHAR","SAMASTIPUR","SHIWAJINAGAR",0,0,0,0,0
"BIHAR","SAMASTIPUR","SINGHIYA",0,0,0,0,0
"BIHAR","SAMASTIPUR","TAJPUR",11,35,0,0,46
"BIHAR","SAMASTIPUR","UJIARPUR",0,0,0,0,0
"BIHAR","SAMASTIPUR","VIDHAYAPATI NAGAR",0,0,0,0,0
"BIHAR","SAMASTIPUR","WARISNAGAR",0,0,0,0,0
"BIHAR","SARAN","AMNOUR",0,0,0,0,0
"BIHAR","SARAN","BANIAPUR",NA,NA,NA,NA,NA
"BIHAR","SARAN","CHAPRA",0,0,0,0,0
"BIHAR","SARAN","DARIYAPUR",0,0,0,0,0
"BIHAR","SARAN","DIGHWARA",0,0,0,0,0
"BIHAR","SARAN","EKMA",0,0,0,0,0
"BIHAR","SARAN","GARKHA",0,0,0,0,0
"BIHAR","SARAN","ISUAPUR",NA,NA,NA,NA,NA
"BIHAR","SARAN","JALALPUR",0,0,0,0,0
"BIHAR","SARAN","LAHLADPUR JANTA BAZA",NA,NA,NA,NA,NA
"BIHAR","SARAN","MAKER",NA,NA,NA,NA,NA
"BIHAR","SARAN","MANJHI",0,0,0,0,0
"BIHAR","SARAN","MARHAURA",0,0,0,0,0
"BIHAR","SARAN","MASARAKH",0,0,0,0,0
"BIHAR","SARAN","NAGRA",0,0,0,0,0
"BIHAR","SARAN","PANAPUR",NA,NA,NA,NA,NA
"BIHAR","SARAN","PARSA",0,0,0,0,0
"BIHAR","SARAN","RIVILGANJ",0,0,0,0,0
"BIHAR","SARAN","SONEPUR",0,0,0,0,0
"BIHAR","SARAN","TARAIYA",0,0,0,0,0
"BIHAR","SHEIKHPURA","ARIARI",NA,NA,NA,NA,NA
"BIHAR","SHEIKHPURA","BARBIGHA",0,0,0,0,0
"BIHAR","SHEIKHPURA","CHEBARA",NA,NA,NA,NA,NA
"BIHAR","SHEIKHPURA","GHAT-KHUSUMBA",0,0,0,0,0
"BIHAR","SHEIKHPURA","SHEIKHPURA",165,58,0,0,223
"BIHAR","SHEIKHPURA","SHEKHOPURSARAI",0,0,0,0,0
"BIHAR","SHEOHAR","DUMARI KATSARI",NA,NA,NA,NA,NA
"BIHAR","SHEOHAR","PIPRAHI",NA,NA,NA,NA,NA
"BIHAR","SHEOHAR","PURNAHIA",NA,NA,NA,NA,NA
"BIHAR","SHEOHAR","SHEOHAR",NA,NA,NA,NA,NA
"BIHAR","SHEOHAR","TARIYANI",0,0,0,0,0
"BIHAR","SINGHBHUM EAST","BAHARAGORA",0,0,0,0,0
"BIHAR","SINGHBHUM EAST","CHAKULIA",NA,NA,NA,NA,NA
"BIHAR","SINGHBHUM EAST","DHALBHUMGARH",30,10,0,0,40
"BIHAR","SINGHBHUM EAST","DUMARIA",NA,NA,NA,NA,NA
"BIHAR","SINGHBHUM EAST","GHATSHILA",NA,NA,NA,NA,NA
"BIHAR","SINGHBHUM EAST","JAMSHEDPUR",NA,NA,NA,NA,NA
"BIHAR","SINGHBHUM EAST","MUSABANI",NA,NA,NA,NA,NA
"BIHAR","SINGHBHUM EAST","PATAMDA",NA,NA,NA,NA,NA
"BIHAR","SINGHBHUM EAST","POTKA",NA,NA,NA,NA,NA
"BIHAR","SINGHBHUM WEST","BANDGAON",NA,NA,NA,NA,NA
"BIHAR","SINGHBHUM WEST","CHAIBASA",NA,NA,NA,NA,NA
"BIHAR","SINGHBHUM WEST","CHAKRADHARPUR",NA,NA,NA,NA,NA
"BIHAR","SINGHBHUM WEST","CHANDIL",NA,NA,NA,NA,NA
"BIHAR","SINGHBHUM WEST","GELKERA",NA,NA,NA,NA,NA
"BIHAR","SINGHBHUM WEST","GUNHARIA",NA,NA,NA,NA,NA
"BIHAR","SINGHBHUM WEST","ICHAGANHI",NA,NA,NA,NA,NA
"BIHAR","SINGHBHUM WEST","JAGNNATHPUR",NA,NA,NA,NA,NA
"BIHAR","SINGHBHUM WEST","JHINIKPANI",NA,NA,NA,NA,NA
"BIHAR","SINGHBHUM WEST","KHANSOWAN",NA,NA,NA,NA,NA
"BIHAR","SINGHBHUM WEST","KHUNTPANI",NA,NA,NA,NA,NA
"BIHAR","SINGHBHUM WEST","KUCHAI",NA,NA,NA,NA,NA
"BIHAR","SINGHBHUM WEST","KUMARDUNGI",NA,NA,NA,NA,NA
"BIHAR","SINGHBHUM WEST","MAJHGAON",NA,NA,NA,NA,NA
"BIHAR","SINGHBHUM WEST","MANJHARI",NA,NA,NA,NA,NA
"BIHAR","SINGHBHUM WEST","MANOHARPUR",NA,NA,NA,NA,NA
"BIHAR","SINGHBHUM WEST","NIMDIH",0,0,0,0,0
"BIHAR","SINGHBHUM WEST","NOAMUNDI",NA,NA,NA,NA,NA
"BIHAR","SINGHBHUM WEST","RAJNAGAR",NA,NA,NA,NA,NA
"BIHAR","SINGHBHUM WEST","SARAIKELA",NA,NA,NA,NA,NA
"BIHAR","SINGHBHUM WEST","SONUA",NA,NA,NA,NA,NA
"BIHAR","SINGHBHUM WEST","TANTNAGAR",NA,NA,NA,NA,NA
"BIHAR","SINGHBHUM WEST","TONTO",NA,NA,NA,NA,NA
"BIHAR","SITAMARHI","BAIRBANJYA",0,0,0,0,0
"BIHAR","SITAMARHI","BAJAPATTI",0,0,0,0,0
"BIHAR","SITAMARHI","BATHNAHA",0,0,0,0,0
"BIHAR","SITAMARHI","BELSAND",0,0,0,0,0
"BIHAR","SITAMARHI","BOKHARA",0,0,0,0,0
"BIHAR","SITAMARHI","CHURAUT",NA,NA,NA,NA,NA
"BIHAR","SITAMARHI","DUMRA",20,20,20,10,70
"BIHAR","SITAMARHI","MEJARGANJ",0,0,0,0,0
"BIHAR","SITAMARHI","NANPUR",0,0,0,0,0
"BIHAR","SITAMARHI","PARIHAR",0,0,0,0,0
"BIHAR","SITAMARHI","PARSAUNI",0,0,0,0,0
"BIHAR","SITAMARHI","PUPARI",0,0,0,0,0
"BIHAR","SITAMARHI","RIGA",0,0,0,0,0
"BIHAR","SITAMARHI","RUNISAIDPUR",0,0,0,0,0
"BIHAR","SITAMARHI","SONBARSA",0,0,0,0,0
"BIHAR","SITAMARHI","SUPPI",0,0,0,0,0
"BIHAR","SITAMARHI","SURSAND",0,0,0,0,0
"BIHAR","SIWAN","ANDAR",0,0,0,0,0
"BIHAR","SIWAN","BARHARIA",0,0,0,0,0
"BIHAR","SIWAN","BASANTPUR",0,0,0,0,0
"BIHAR","SIWAN","BHAGWANPUR GHAT",NA,NA,NA,NA,NA
"BIHAR","SIWAN","DARAULI",0,0,0,0,0
"BIHAR","SIWAN","DARAUNDHA",0,0,0,0,0
"BIHAR","SIWAN","GORAIKOTHI",4,4,0,0,8
"BIHAR","SIWAN","GUTHANI",0,0,0,0,0
"BIHAR","SIWAN","HUSSAINGANJ",0,0,0,0,0
"BIHAR","SIWAN","LAKRI NABIGANJ",0,0,0,0,0
"BIHAR","SIWAN","MAHRAJGANJ",0,0,0,0,0
"BIHAR","SIWAN","MAIRWA",0,0,0,0,0
"BIHAR","SIWAN","PACHRUKHI",0,0,0,0,0
"BIHAR","SIWAN","RAGHUNATHPUR",NA,NA,NA,NA,NA
"BIHAR","SIWAN","SISWAN",0,0,0,0,0
"BIHAR","SIWAN","SIWAN",20,30,0,0,50
"BIHAR","SUPAUL","BASANTPUR",0,0,0,0,0
"BIHAR","SUPAUL","CHHATAPUR",NA,NA,NA,NA,NA
"BIHAR","SUPAUL","KISHANPUR",NA,NA,NA,NA,NA
"BIHAR","SUPAUL","MARAUNA",NA,NA,NA,NA,NA
"BIHAR","SUPAUL","NIRMALI",NA,NA,NA,NA,NA
"BIHAR","SUPAUL","PIPRA",NA,NA,NA,NA,NA
"BIHAR","SUPAUL","PRATAPGANJ",NA,NA,NA,NA,NA
"BIHAR","SUPAUL","RAGHOPUR",NA,NA,NA,NA,NA
"BIHAR","SUPAUL","SARAIGARH",NA,NA,NA,NA,NA
"BIHAR","SUPAUL","SUPAUL",NA,NA,NA,NA,NA
"BIHAR","SUPAUL","TRIBANIGANJ",0,0,0,0,0
"BIHAR","VAISHALI","BHAGWANPUR",6,10,0,0,16
"BIHAR","VAISHALI","BIDUPUR",0,0,0,0,0
"BIHAR","VAISHALI","CHEHRALALA",0,0,0,0,0
"BIHAR","VAISHALI","GORAUL",0,0,0,0,0
"BIHAR","VAISHALI","HAJIPUR",0,0,0,0,0
"BIHAR","VAISHALI","JANDAHA",0,0,0,0,0
"BIHAR","VAISHALI","LALGANJ",0,0,0,0,0
"BIHAR","VAISHALI","MAHNAR",12,19,0,1,32
"BIHAR","VAISHALI","MAHUA",0,0,0,0,0
"BIHAR","VAISHALI","PATEHRIBELSAR",0,0,0,0,0
"BIHAR","VAISHALI","PATEPUR",1,0,0,0,1
"BIHAR","VAISHALI","PREMRAJ",0,0,0,0,0
"BIHAR","VAISHALI","RAGHOPUR",NA,NA,NA,NA,NA
"BIHAR","VAISHALI","RAJAPAKAR",0,0,0,0,0
"BIHAR","VAISHALI","SAHDAI BUZURG",0,0,0,0,0
"BIHAR","VAISHALI","VAISHALI",0,0,0,0,0
"GOA","NORTH GOA","BARDEZ",NA,NA,NA,NA,NA
"GOA","NORTH GOA","BICHOLIM",NA,NA,NA,NA,NA
"GOA","NORTH GOA","PERNEM",NA,NA,NA,NA,NA
"GOA","NORTH GOA","PONDA",0,0,0,0,0
"GOA","NORTH GOA","SATARI",0,1,18,0,19
"GOA","NORTH GOA","TISWADI",NA,NA,NA,NA,NA
"GOA","SOUTH GOA","CANACONA",NA,NA,NA,NA,NA
"GOA","SOUTH GOA","MORMUGAO",NA,NA,NA,NA,NA
"GOA","SOUTH GOA","QUEPEM",NA,NA,NA,NA,NA
"GOA","SOUTH GOA","SALCETE",NA,NA,NA,NA,NA
"GOA","SOUTH GOA","SANGUEM",0,0,0,0,0
"GUJARAT","","",NA,NA,NA,NA,NA
"HARYANA","AMBALA","AMBALA",122,122,0,0,244
"HARYANA","AMBALA","BARARA",19,19,0,0,38
"HARYANA","AMBALA","BARWALA",NA,NA,NA,NA,NA
"HARYANA","AMBALA","NARAINGARH",127,127,0,0,254
"HARYANA","AMBALA","RAIPUR RANI",NA,NA,NA,NA,NA
"HARYANA","BHIWANI","BADHRA",NA,NA,NA,NA,NA
"HARYANA","BHIWANI","BAWANI KHERA",NA,NA,NA,NA,NA
"HARYANA","BHIWANI","BHIWANI KHERA",NA,NA,NA,NA,NA
"HARYANA","BHIWANI","DADRI",8,34,0,0,42
"HARYANA","BHIWANI","DADRI-II",NA,NA,NA,NA,NA
"HARYANA","BHIWANI","LOHARU",NA,NA,NA,NA,NA
"HARYANA","BHIWANI","TOSHAM",NA,NA,NA,NA,NA
"HARYANA","FARIDABAD","BALLABHGARH",NA,NA,NA,NA,NA
"HARYANA","FARIDABAD","FARIDABAD",NA,NA,NA,NA,NA
"HARYANA","FARIDABAD","HATHIN",NA,NA,NA,NA,NA
"HARYANA","FARIDABAD","HODAL",NA,NA,NA,NA,NA
"HARYANA","FARIDABAD","PALWAL",NA,NA,NA,NA,NA
"HARYANA","GURGAON","FARUKH NAGAR",NA,NA,NA,NA,NA
"HARYANA","GURGAON","FEROZEPUR JHARIKA",NA,NA,NA,NA,NA
"HARYANA","GURGAON","GURGAON",0,0,0,0,0
"HARYANA","GURGAON","NAGINA",NA,NA,NA,NA,NA
"HARYANA","GURGAON","NUH",13,21,0,0,34
"HARYANA","GURGAON","PATAUDI",NA,NA,NA,NA,NA
"HARYANA","GURGAON","PUNHANA",NA,NA,NA,NA,NA
"HARYANA","GURGAON","SOHNA",NA,NA,NA,NA,NA
"HARYANA","GURGAON","THORU",NA,NA,NA,NA,NA
"HARYANA","HISAR","ADAMPUR",NA,NA,NA,NA,NA
"HARYANA","HISAR","FATEHABAD",NA,NA,NA,NA,NA
"HARYANA","HISAR","HANSI I",NA,NA,NA,NA,NA
"HARYANA","HISAR","HISAR I",NA,NA,NA,NA,NA
"HARYANA","HISAR","NARNAUND",NA,NA,NA,NA,NA
"HARYANA","HISAR","RATIA",NA,NA,NA,NA,NA
"HARYANA","HISAR","SIWANI",NA,NA,NA,NA,NA
"HARYANA","HISAR","TOHANA",NA,NA,NA,NA,NA
"HARYANA","JIND","ALEWA",NA,NA,NA,NA,NA
"HARYANA","JIND","JIND",9,10,0,0,19
"HARYANA","JIND","JULANA",NA,NA,NA,NA,NA
"HARYANA","JIND","NARWANA",NA,NA,NA,NA,NA
"HARYANA","JIND","PILLUKHERA",NA,NA,NA,NA,NA
"HARYANA","JIND","SAFIDON",58,58,0,0,116
"HARYANA","JIND","UCHANA",NA,NA,NA,NA,NA
"HARYANA","KAITHAL","GUHALA",NA,NA,NA,NA,NA
"HARYANA","KAITHAL","KAITHAL",29,27,0,0,56
"HARYANA","KARNAL","ASANDH",NA,NA,NA,NA,NA
"HARYANA","KARNAL","GHARAUNDA",NA,NA,NA,NA,NA
"HARYANA","KARNAL","INDRI",NA,NA,NA,NA,NA
"HARYANA","KARNAL","KARNAL",392,374,0,0,766
"HARYANA","KARNAL","NILOKHERI",NA,NA,NA,NA,NA
"HARYANA","KURUKSHETRA","BABAIN",NA,NA,NA,NA,NA
"HARYANA","KURUKSHETRA","LADWA",NA,NA,NA,NA,NA
"HARYANA","KURUKSHETRA","PEHOWA",0,0,0,0,0
"HARYANA","KURUKSHETRA","SHAHBAD",0,0,0,0,0
"HARYANA","KURUKSHETRA","THANESAR",20,15,0,0,35
"HARYANA","MEHANDERGARH","ARELI",NA,NA,NA,NA,NA
"HARYANA","MEHANDERGARH","MAHENDERGARH",0,0,0,0,0
"HARYANA","MEHANDERGARH","NANGAL CHAUDHARY",NA,NA,NA,NA,NA
"HARYANA","MEHANDERGARH","NARNAUL",0,0,0,0,0
"HARYANA","PANCHKULA","KALKA",60,60,0,0,120
"HARYANA","PANCHKULA","PANCHKULA",82,82,0,0,164
"HARYANA","PANIPAT","BAPAULI",NA,NA,NA,NA,NA
"HARYANA","PANIPAT","ISRANA",NA,NA,NA,NA,NA
"HARYANA","PANIPAT","MADLAUDA",NA,NA,NA,NA,NA
"HARYANA","PANIPAT","PANIPAT",25,26,0,0,51
"HARYANA","PANIPAT","SMALKHA",0,0,0,0,0
"HARYANA","RIWARI","BAWAL",NA,NA,NA,NA,NA
"HARYANA","RIWARI","NAHAR",NA,NA,NA,NA,NA
"HARYANA","RIWARI","RIWARI",NA,NA,NA,NA,NA
"HARYANA","ROHTAK","BAHADURGARH",NA,NA,NA,NA,NA
"HARYANA","ROHTAK","BERI",NA,NA,NA,NA,NA
"HARYANA","ROHTAK","JHAJJAR",NA,NA,NA,NA,NA
"HARYANA","ROHTAK","KALANAUR",NA,NA,NA,NA,NA
"HARYANA","ROHTAK","LAKHAN MAJRA",NA,NA,NA,NA,NA
"HARYANA","ROHTAK","MATANHAIL",NA,NA,NA,NA,NA
"HARYANA","ROHTAK","MEHAM",NA,NA,NA,NA,NA
"HARYANA","ROHTAK","ROHTAK",NA,NA,NA,NA,NA
"HARYANA","ROHTAK","SAHLAWAS",NA,NA,NA,NA,NA
"HARYANA","ROHTAK","SAMPLA",NA,NA,NA,NA,NA
"HARYANA","SIRSA","BARAGUDHA",NA,NA,NA,NA,NA
"HARYANA","SIRSA","DABWALI",NA,NA,NA,NA,NA
"HARYANA","SIRSA","ELLENABAD",NA,NA,NA,NA,NA
"HARYANA","SIRSA","NATHUSARI CHOPTA",NA,NA,NA,NA,NA
"HARYANA","SIRSA","ODHAN",NA,NA,NA,NA,NA
"HARYANA","SIRSA","RANIA",NA,NA,NA,NA,NA
"HARYANA","SIRSA","SIRSA",430,439,0,0,869
"HARYANA","SONIPAT","GANAUR",NA,NA,NA,NA,NA
"HARYANA","SONIPAT","GOHANA",NA,NA,NA,NA,NA
"HARYANA","SONIPAT","KATHURA",NA,NA,NA,NA,NA
"HARYANA","SONIPAT","KHARKHODA",NA,NA,NA,NA,NA
"HARYANA","SONIPAT","MUNDLANA",NA,NA,NA,NA,NA
"HARYANA","SONIPAT","RIE",NA,NA,NA,NA,NA
"HARYANA","SONIPAT","SONIPAT",0,0,0,0,0
"HARYANA","YAMUNA NAGAR","AMBALA",NA,NA,NA,NA,NA
"HARYANA","YAMUNA NAGAR","BILASPUR",NA,NA,NA,NA,NA
"HARYANA","YAMUNA NAGAR","CHHACHHROLI",0,0,0,0,0
"HARYANA","YAMUNA NAGAR","JAGADARI",0,0,0,0,0
"HARYANA","YAMUNA NAGAR","RADOUR",NA,NA,NA,NA,NA
"HARYANA","YAMUNA NAGAR","SADORA",NA,NA,NA,NA,NA
"HIMACHAL PRADESH","Bilaspur","Bilaspur Sadar",NA,NA,NA,NA,NA
"HIMACHAL PRADESH","Bilaspur","Ghumarwin",NA,NA,NA,NA,NA
"HIMACHAL PRADESH","Bilaspur","Jhanduta",NA,NA,NA,NA,NA
"HIMACHAL PRADESH","Bilaspur","Naina Devi",NA,NA,NA,NA,NA
"HIMACHAL PRADESH","Chamba","Bhalai",NA,NA,NA,NA,NA
"HIMACHAL PRADESH","Chamba","Bhattiyat",NA,NA,NA,NA,NA
"HIMACHAL PRADESH","Chamba","Brahmaur",NA,NA,NA,NA,NA
"HIMACHAL PRADESH","Chamba","Chamba",NA,NA,NA,NA,NA
"HIMACHAL PRADESH","Chamba","Chaurah",NA,NA,NA,NA,NA
"HIMACHAL PRADESH","Chamba","Holi",NA,NA,NA,NA,NA
"HIMACHAL PRADESH","Chamba","Pangi",NA,NA,NA,NA,NA
"HIMACHAL PRADESH","Chamba","Saluni",NA,NA,NA,NA,NA
"HIMACHAL PRADESH","Chamba","Sihunta",NA,NA,NA,NA,NA
"HIMACHAL PRADESH","Hamirpur","Barsar",NA,NA,NA,NA,NA
"HIMACHAL PRADESH","Hamirpur","Bhoranj",NA,NA,NA,NA,NA
"HIMACHAL PRADESH","Hamirpur","Hamirpur",NA,NA,NA,NA,NA
"HIMACHAL PRADESH","Hamirpur","Nadaun",NA,NA,NA,NA,NA
"HIMACHAL PRADESH","Hamirpur","Tira Sujanpur",NA,NA,NA,NA,NA
"HIMACHAL PRADESH","Kangra","Baijnath",NA,NA,NA,NA,NA
"HIMACHAL PRADESH","Kangra","Baroh",NA,NA,NA,NA,NA
"HIMACHAL PRADESH","Kangra","Dera Gopipur",NA,NA,NA,NA,NA
"HIMACHAL PRADESH","Kangra","Dharmsala",NA,NA,NA,NA,NA
"HIMACHAL PRADESH","Kangra","Dhira",NA,NA,NA,NA,NA
"HIMACHAL PRADESH","Kangra","Fatehpur",0,0,0,0,0
"HIMACHAL PRADESH","Kangra","Harchakian",NA,NA,NA,NA,NA
"HIMACHAL PRADESH","Kangra","Indora",0,0,0,0,0
"HIMACHAL PRADESH","Kangra","Jaisinghpur",NA,NA,NA,NA,NA
"HIMACHAL PRADESH","Kangra","Jaswan",NA,NA,NA,NA,NA
"HIMACHAL PRADESH","Kangra","Jawali",NA,NA,NA,NA,NA
"HIMACHAL PRADESH","Kangra","Kangra",NA,NA,NA,NA,NA
"HIMACHAL PRADESH","Kangra","Khundian",NA,NA,NA,NA,NA
"HIMACHAL PRADESH","Kangra","Nurpur",0,0,0,0,0
"HIMACHAL PRADESH","Kangra","Palampur",NA,NA,NA,NA,NA
"HIMACHAL PRADESH","Kangra","Rakkar",NA,NA,NA,NA,NA
"HIMACHAL PRADESH","Kangra","Thural",NA,NA,NA,NA,NA
"HIMACHAL PRADESH","Kinnaur","Hangrang",NA,NA,NA,NA,NA
"HIMACHAL PRADESH","Kinnaur","Kalpa",NA,NA,NA,NA,NA
"HIMACHAL PRADESH","Kinnaur","Morang",NA,NA,NA,NA,NA
"HIMACHAL PRADESH","Kinnaur","Nichar",NA,NA,NA,NA,NA
"HIMACHAL PRADESH","Kinnaur","Poo",NA,NA,NA,NA,NA
"HIMACHAL PRADESH","Kinnaur","Sangla",NA,NA,NA,NA,NA
"HIMACHAL PRADESH","Kullu","Ani",NA,NA,NA,NA,NA
"HIMACHAL PRADESH","Kullu","Banjar",NA,NA,NA,NA,NA
"HIMACHAL PRADESH","Kullu","Kullu",NA,NA,NA,NA,NA
"HIMACHAL PRADESH","Kullu","Nermand",NA,NA,NA,NA,NA
"HIMACHAL PRADESH","Kullu","Sainj",NA,NA,NA,NA,NA
"HIMACHAL PRADESH","Lahul & Spiti","Lahul",NA,NA,NA,NA,NA
"HIMACHAL PRADESH","Lahul & Spiti","Spiti",NA,NA,NA,NA,NA
"HIMACHAL PRADESH","Lahul & Spiti","Udaipur",NA,NA,NA,NA,NA
"HIMACHAL PRADESH","Mandi","Aut",NA,NA,NA,NA,NA
"HIMACHAL PRADESH","Mandi","Baldwara",NA,NA,NA,NA,NA
"HIMACHAL PRADESH","Mandi","Bali Chowki",NA,NA,NA,NA,NA
"HIMACHAL PRADESH","Mandi","Chachyot",NA,NA,NA,NA,NA
"HIMACHAL PRADESH","Mandi","Dharmpur",NA,NA,NA,NA,NA
"HIMACHAL PRADESH","Mandi","Jogindarnagar",NA,NA,NA,NA,NA
"HIMACHAL PRADESH","Mandi","Karsog",NA,NA,NA,NA,NA
"HIMACHAL PRADESH","Mandi","Kotli",NA,NA,NA,NA,NA
"HIMACHAL PRADESH","Mandi","Ladbharol",NA,NA,NA,NA,NA
"HIMACHAL PRADESH","Mandi","Mandi",0,0,0,0,0
"HIMACHAL PRADESH","Mandi","Nihri",NA,NA,NA,NA,NA
"HIMACHAL PRADESH","Mandi","Padhar",NA,NA,NA,NA,NA
"HIMACHAL PRADESH","Mandi","Sandhol",NA,NA,NA,NA,NA
"HIMACHAL PRADESH","Mandi","Sarkaghat",NA,NA,NA,NA,NA
"HIMACHAL PRADESH","Mandi","Sundarnagar",NA,NA,NA,NA,NA
"HIMACHAL PRADESH","Mandi","Thunag",NA,NA,NA,NA,NA
"HIMACHAL PRADESH","Shimla","Chaupal",NA,NA,NA,NA,NA
"HIMACHAL PRADESH","Shimla","Cheta",NA,NA,NA,NA,NA
"HIMACHAL PRADESH","Shimla","Chirgaon",NA,NA,NA,NA,NA
"HIMACHAL PRADESH","Shimla","Dodra Kwar",NA,NA,NA,NA,NA
"HIMACHAL PRADESH","Shimla","Jubbal",NA,NA,NA,NA,NA
"HIMACHAL PRADESH","Shimla","JUNGA",NA,NA,NA,NA,NA
"HIMACHAL PRADESH","Shimla","Kotkhai",NA,NA,NA,NA,NA
"HIMACHAL PRADESH","Shimla","Kumharsain",NA,NA,NA,NA,NA
"HIMACHAL PRADESH","Shimla","Nankhari",NA,NA,NA,NA,NA
"HIMACHAL PRADESH","Shimla","Nerua",NA,NA,NA,NA,NA
"HIMACHAL PRADESH","Shimla","Rampur",NA,NA,NA,NA,NA
"HIMACHAL PRADESH","Shimla","Rohru",NA,NA,NA,NA,NA
"HIMACHAL PRADESH","Shimla","Seoni",NA,NA,NA,NA,NA
"HIMACHAL PRADESH","Shimla","Shimla",NA,NA,NA,NA,NA
"HIMACHAL PRADESH","Shimla","Shimla Urban",NA,NA,NA,NA,NA
"HIMACHAL PRADESH","Shimla","Theog",NA,NA,NA,NA,NA
"HIMACHAL PRADESH","Shimla","Tikkar",NA,NA,NA,NA,NA
"HIMACHAL PRADESH","Sirmaur","Dadahu",NA,NA,NA,NA,NA
"HIMACHAL PRADESH","Sirmaur","Kamrau",NA,NA,NA,NA,NA
"HIMACHAL PRADESH","Sirmaur","Nahan",0,0,0,0,0
"HIMACHAL PRADESH","Sirmaur","Nohra",NA,NA,NA,NA,NA
"HIMACHAL PRADESH","Sirmaur","Pachhad",NA,NA,NA,NA,NA
"HIMACHAL PRADESH","Sirmaur","Pajhota",NA,NA,NA,NA,NA
"HIMACHAL PRADESH","Sirmaur","Paonta Sahib",0,0,0,0,0
"HIMACHAL PRADESH","Sirmaur","Rajgarh",NA,NA,NA,NA,NA
"HIMACHAL PRADESH","Sirmaur","Renuka",NA,NA,NA,NA,NA
"HIMACHAL PRADESH","Sirmaur","Shalai",NA,NA,NA,NA,NA
"HIMACHAL PRADESH","Solan","Arki",NA,NA,NA,NA,NA
"HIMACHAL PRADESH","Solan","Kandaghat",NA,NA,NA,NA,NA
"HIMACHAL PRADESH","Solan","Kasauli",0,0,0,0,0
"HIMACHAL PRADESH","Solan","Krishangarh",NA,NA,NA,NA,NA
"HIMACHAL PRADESH","Solan","Nalagarh",0,0,0,0,0
"HIMACHAL PRADESH","Solan","Ramshahr",NA,NA,NA,NA,NA
"HIMACHAL PRADESH","Solan","Solan",NA,NA,NA,NA,NA
"HIMACHAL PRADESH","Una","Amb",0,0,0,0,0
"HIMACHAL PRADESH","Una","Bangana",NA,NA,NA,NA,NA
"HIMACHAL PRADESH","Una","Haroli",0,0,0,0,0
"HIMACHAL PRADESH","Una","Una",0,0,0,0,0
"JAMMU & KASHMIR","Anantnagh","Anantnagh",NA,NA,NA,NA,NA
"JAMMU & KASHMIR","Anantnagh","Bijehara",NA,NA,NA,NA,NA
"JAMMU & KASHMIR","Anantnagh","Dooru",NA,NA,NA,NA,NA
"JAMMU & KASHMIR","Anantnagh","Kulgam",NA,NA,NA,NA,NA
"JAMMU & KASHMIR","Anantnagh","Pahalgam",NA,NA,NA,NA,NA
"JAMMU & KASHMIR","Baramulla","Bandipora",NA,NA,NA,NA,NA
"JAMMU & KASHMIR","Baramulla","Baramulla",NA,NA,NA,NA,NA
"JAMMU & KASHMIR","Baramulla","Gulmarg",NA,NA,NA,NA,NA
"JAMMU & KASHMIR","Baramulla","Gurez",NA,NA,NA,NA,NA
"JAMMU & KASHMIR","Baramulla","Pattan",NA,NA,NA,NA,NA
"JAMMU & KASHMIR","Baramulla","Sonawari",1,1,0,0,2
"JAMMU & KASHMIR","Baramulla","Sopore",NA,NA,NA,NA,NA
"JAMMU & KASHMIR","Baramulla","Uri",NA,NA,NA,NA,NA
"JAMMU & KASHMIR","Budgam","Beerwah",NA,NA,NA,NA,NA
"JAMMU & KASHMIR","Budgam","Budgam",NA,NA,NA,NA,NA
"JAMMU & KASHMIR","Budgam","Chadoora",NA,NA,NA,NA,NA
"JAMMU & KASHMIR","Doda","Baderwah",NA,NA,NA,NA,NA
"JAMMU & KASHMIR","Doda","Banihal",NA,NA,NA,NA,NA
"JAMMU & KASHMIR","Doda","Bhalessa",NA,NA,NA,NA,NA
"JAMMU & KASHMIR","Doda","Doda",NA,NA,NA,NA,NA
"JAMMU & KASHMIR","Doda","Kishtwar",NA,NA,NA,NA,NA
"JAMMU & KASHMIR","Doda","Ramban",NA,NA,NA,NA,NA
"JAMMU & KASHMIR","Doda","Thatri",NA,NA,NA,NA,NA
"JAMMU & KASHMIR","Jammu","Akhnoor",NA,NA,NA,NA,NA
"JAMMU & KASHMIR","Jammu","Bishna",0,0,0,0,0
"JAMMU & KASHMIR","Jammu","Jammu",NA,NA,NA,NA,NA
"JAMMU & KASHMIR","Jammu","R.S.Pora",6,6,0,0,12
"JAMMU & KASHMIR","Jammu","Samba",NA,NA,NA,NA,NA
"JAMMU & KASHMIR","Kargil","Kargil",NA,NA,NA,NA,NA
"JAMMU & KASHMIR","Kargil","Zanaskar",NA,NA,NA,NA,NA
"JAMMU & KASHMIR","Kathua","Basooli",NA,NA,NA,NA,NA
"JAMMU & KASHMIR","Kathua","Billawar",NA,NA,NA,NA,NA
"JAMMU & KASHMIR","Kathua","Hiranagar",1,1,0,0,2
"JAMMU & KASHMIR","Kathua","Kathua",0,0,0,0,0
"JAMMU & KASHMIR","Kupwara","Handwara",NA,NA,NA,NA,NA
"JAMMU & KASHMIR","Kupwara","Karnah",NA,NA,NA,NA,NA
"JAMMU & KASHMIR","Kupwara","Kupwara",NA,NA,NA,NA,NA
"JAMMU & KASHMIR","Leh","Leh",NA,NA,NA,NA,NA
"JAMMU & KASHMIR","Poonch","Havelli",NA,NA,NA,NA,NA
"JAMMU & KASHMIR","Poonch","Mendhar",NA,NA,NA,NA,NA
"JAMMU & KASHMIR","Poonch","Surankote",NA,NA,NA,NA,NA
"JAMMU & KASHMIR","Pulwama","Pampore",NA,NA,NA,NA,NA
"JAMMU & KASHMIR","Pulwama","Pulwana",NA,NA,NA,NA,NA
"JAMMU & KASHMIR","Pulwama","Shopian",NA,NA,NA,NA,NA
"JAMMU & KASHMIR","Pulwama","Tral",NA,NA,NA,NA,NA
"JAMMU & KASHMIR","Rajouri","Budhal",NA,NA,NA,NA,NA
"JAMMU & KASHMIR","Rajouri","Kalakote",NA,NA,NA,NA,NA
"JAMMU & KASHMIR","Rajouri","Nowshera",NA,NA,NA,NA,NA
"JAMMU & KASHMIR","Rajouri","Rajouri",NA,NA,NA,NA,NA
"JAMMU & KASHMIR","Rajouri","Sunderbani",NA,NA,NA,NA,NA
"JAMMU & KASHMIR","Rajouri","Thanamandi",NA,NA,NA,NA,NA
"JAMMU & KASHMIR","Srinagar","Ganderbal",NA,NA,NA,NA,NA
"JAMMU & KASHMIR","Srinagar","Kangan",NA,NA,NA,NA,NA
"JAMMU & KASHMIR","Srinagar","Srinagar",0,0,0,0,0
"JAMMU & KASHMIR","Udhampur","Chenani",NA,NA,NA,NA,NA
"JAMMU & KASHMIR","Udhampur","G.G.Garh",NA,NA,NA,NA,NA
"JAMMU & KASHMIR","Udhampur","Ramnagar",NA,NA,NA,NA,NA
"JAMMU & KASHMIR","Udhampur","Reasi",NA,NA,NA,NA,NA
"JAMMU & KASHMIR","Udhampur","Udhampur",NA,NA,NA,NA,NA
"KARNATAKA","BANGALORE RURAL","CHANNAPATNA",7,1,35,0,43
"KARNATAKA","BANGALORE RURAL","DEVANAHALLI",68,49,74,0,191
"KARNATAKA","BANGALORE RURAL","DODDABALLAPUR",83,22,0,0,105
"KARNATAKA","BANGALORE RURAL","HOSAKOTE",0,7,13,0,20
"KARNATAKA","BANGALORE RURAL","KANAKAPURA",148,46,54,29,277
"KARNATAKA","BANGALORE RURAL","MAGADI",8,4,0,0,12
"KARNATAKA","BANGALORE RURAL","NELAMANGALA",0,0,0,0,0
"KARNATAKA","BANGALORE RURAL","RAMANAGARA",8,6,0,0,14
"KARNATAKA","BANGALORE URBAN","ANEKAL",64,1,5,0,70
"KARNATAKA","BANGALORE URBAN","BANGALORE NORTH",328,50,60,1,439
"KARNATAKA","BANGALORE URBAN","BANGALORE SOUTH",100,39,47,3,189
"KARNATAKA","BELGAUM","ATHNI",0,0,0,0,0
"KARNATAKA","BELGAUM","BELGAUM",0,0,0,0,0
"KARNATAKA","BELGAUM","CHIKODI",32,0,5,0,37
"KARNATAKA","BELGAUM","GOKAK",176,34,2,3,215
"KARNATAKA","BELGAUM","HUKKERI",247,1,0,0,248
"KARNATAKA","BELGAUM","KHANAPUR",483,8,14,0,505
"KARNATAKA","BELGAUM","PARASGAD",506,355,0,0,861
"KARNATAKA","BELGAUM","RAMDURG",601,370,25,260,1256
"KARNATAKA","BELGAUM","RAYBAG",481,152,20,1,654
"KARNATAKA","BELGAUM","SAMPGAON",97,5,0,0,102
"KARNATAKA","BELLARY","BELLARY",180,42,289,0,511
"KARNATAKA","BELLARY","H.B. HALLY",749,538,181,178,1646
"KARNATAKA","BELLARY","HADAGALI",2,0,0,0,2
"KARNATAKA","BELLARY","HARAPANA HALLI",216,0,0,0,216
"KARNATAKA","BELLARY","HOSPET",423,232,0,0,655
"KARNATAKA","BELLARY","KUDLIGI",244,70,16,0,330
"KARNATAKA","BELLARY","SANDUR",28,28,0,0,56
"KARNATAKA","BELLARY","SIRAGUPPA",0,0,0,0,0
"KARNATAKA","BIDAR","AURAD",18,20,0,0,38
"KARNATAKA","BIDAR","BASAVA KALYANA",0,0,0,0,0
"KARNATAKA","BIDAR","BHALKI",27,21,16,1,65
"KARNATAKA","BIDAR","BIDAR",30,13,41,3,87
"KARNATAKA","BIDAR","HUMANABAD",943,2825,0,0,3768
"KARNATAKA","BIJAPUR","BADAMI",0,0,0,0,0
"KARNATAKA","BIJAPUR","BAGALKOT",0,0,0,0,0
"KARNATAKA","BIJAPUR","BAGEWADI",0,0,0,0,0
"KARNATAKA","BIJAPUR","BIJAPUR",1,0,0,0,1
"KARNATAKA","BIJAPUR","BILGI",10,7,13,0,30
"KARNATAKA","BIJAPUR","HUNGUND",0,0,0,0,0
"KARNATAKA","BIJAPUR","INDI",89,100,7,0,196
"KARNATAKA","BIJAPUR","JAMAKHANDI",110,43,0,0,153
"KARNATAKA","BIJAPUR","MUDDEBIHAL",0,0,0,0,0
"KARNATAKA","BIJAPUR","MUDHOL",147,11,11,2,171
"KARNATAKA","BIJAPUR","SINDGI",0,0,0,0,0
"KARNATAKA","CHIKKAMAGALORE","CHIKKAMAGALORE",0,0,0,0,0
"KARNATAKA","CHIKKAMAGALORE","KADUR",0,0,0,0,0
"KARNATAKA","CHIKKAMAGALORE","KOPPA",NA,NA,NA,NA,NA
"KARNATAKA","CHIKKAMAGALORE","MUDIGERE",0,0,0,0,0
"KARNATAKA","CHIKKAMAGALORE","N.R. PURA",0,0,1,20,21
"KARNATAKA","CHIKKAMAGALORE","SRINGERE",NA,NA,NA,NA,NA
"KARNATAKA","CHIKKAMAGALORE","TARIKERE",1,0,50,107,158
"KARNATAKA","CHITRADURGA","CHALLAKERE",46,12,4,0,62
"KARNATAKA","CHITRADURGA","CHITRADURGA",4,0,0,4,8
"KARNATAKA","CHITRADURGA","DAVANAGERE",390,1,0,287,678
"KARNATAKA","CHITRADURGA","HARIHAR",127,1,16,48,192
"KARNATAKA","CHITRADURGA","HIRIYUR",48,43,74,35,200
"KARNATAKA","CHITRADURGA","HOLALKERE",101,11,7,6,125
"KARNATAKA","CHITRADURGA","HOSADURGA",3,0,0,0,3
"KARNATAKA","CHITRADURGA","JAGALUR",92,71,71,76,310
"KARNATAKA","CHITRADURGA","MOLAKALMUR",3,0,0,0,3
"KARNATAKA","DAKSHINA KANNADA","BANTWAL",0,0,12,0,12
"KARNATAKA","DAKSHINA KANNADA","BELTHANGADY",0,0,0,0,0
"KARNATAKA","DAKSHINA KANNADA","KARKALA",0,1,0,0,1
"KARNATAKA","DAKSHINA KANNADA","KUNDAPUR",0,0,0,0,0
"KARNATAKA","DAKSHINA KANNADA","MANGALORE",0,0,0,0,0
"KARNATAKA","DAKSHINA KANNADA","PUTTUR",0,49,111,64,224
"KARNATAKA","DAKSHINA KANNADA","SULLIA",0,0,0,0,0
"KARNATAKA","DAKSHINA KANNADA","UDUPI",NA,NA,NA,NA,NA
"KARNATAKA","DHARWAR","BYADAGI",0,0,0,0,0
"KARNATAKA","DHARWAR","DHARWAR",74,55,37,19,185
"KARNATAKA","DHARWAR","GADAG",5,5,5,0,15
"KARNATAKA","DHARWAR","HANGAL",451,94,94,0,639
"KARNATAKA","DHARWAR","HAVERI",6,5,5,1,17
"KARNATAKA","DHARWAR","HIREKERUR",121,1,1,0,123
"KARNATAKA","DHARWAR","HUBLI",26,1,0,0,27
"KARNATAKA","DHARWAR","KALGHATGI",NA,NA,NA,NA,NA
"KARNATAKA","DHARWAR","KUNDAGOL",4,20,0,0,24
"KARNATAKA","DHARWAR","MUNDARGI",0,0,0,0,0
"KARNATAKA","DHARWAR","NARAGUND",0,0,0,0,0
"KARNATAKA","DHARWAR","NAVALAGUND",NA,NA,NA,NA,NA
"KARNATAKA","DHARWAR","RANIBENNUR",470,2642,94,117,3323
"KARNATAKA","DHARWAR","RON",NA,NA,NA,NA,NA
"KARNATAKA","DHARWAR","SAVANUR",8,5,0,0,13
"KARNATAKA","DHARWAR","SHIRAHATTI",0,0,0,0,0
"KARNATAKA","DHARWAR","SIGGAON",0,0,0,0,0
"KARNATAKA","GULBARGA","AFZALPUR TALUK",3,1,1,0,5
"KARNATAKA","GULBARGA","ALLAND TALUK",NA,NA,NA,NA,NA
"KARNATAKA","GULBARGA","CHINCHOLI",3,3,4,0,10
"KARNATAKA","GULBARGA","CHITAPUR",24,40,0,0,64
"KARNATAKA","GULBARGA","GULBARGA",0,0,0,0,0
"KARNATAKA","GULBARGA","JEWARGI",0,0,0,0,0
"KARNATAKA","GULBARGA","SAHAPUR",0,0,0,0,0
"KARNATAKA","GULBARGA","SEDAM",11,11,0,0,22
"KARNATAKA","GULBARGA","SHORAPUR",0,0,0,0,0
"KARNATAKA","GULBARGA","YADAGIR",0,0,0,1,1
"KARNATAKA","HASSAN","ALUR",0,0,0,0,0
"KARNATAKA","HASSAN","ARASIKERE",54,0,16,0,70
"KARNATAKA","HASSAN","ARKALGUD",19,0,0,35,54
"KARNATAKA","HASSAN","BELUR",1,0,0,0,1
"KARNATAKA","HASSAN","CHANNARAYAPATNA",0,0,0,0,0
"KARNATAKA","HASSAN","H.N. PURA",0,0,2,0,2
"KARNATAKA","HASSAN","HASSAN",0,0,0,0,0
"KARNATAKA","HASSAN","SAKALESHPURA",NA,NA,NA,NA,NA
"KARNATAKA","KODAGU","MADIKERI",NA,NA,NA,NA,NA
"KARNATAKA","KODAGU","SOMWARPET",0,0,0,0,0
"KARNATAKA","KODAGU","VIRAJPET",NA,NA,NA,NA,NA
"KARNATAKA","KOLAR","BAGEPALLI",84,0,0,0,84
"KARNATAKA","KOLAR","BANGARPET",0,0,0,0,0
"KARNATAKA","KOLAR","CHICKABALLAPUR",51,1,26,10,88
"KARNATAKA","KOLAR","CHINTAMANI",75,74,0,80,229
"KARNATAKA","KOLAR","GOWRIBIDANOOR",21,0,84,15,120
"KARNATAKA","KOLAR","GUDIBANDA",5,3,0,0,8
"KARNATAKA","KOLAR","KOLAR",6,4,0,0,10
"KARNATAKA","KOLAR","MALUR",4,3,148,0,155
"KARNATAKA","KOLAR","MULABAGAL",32,3,0,0,35
"KARNATAKA","KOLAR","SIDLAGHATTA",99,27,20,103,249
"KARNATAKA","KOLAR","SRINIVASAPUR",4,2,1,0,7
"KARNATAKA","MANDYA","K.R. PET",81,20,16,8,125
"KARNATAKA","MANDYA","MADDUR",80,68,32,87,267
"KARNATAKA","MANDYA","MALAVALLY",28,39,7,2,76
"KARNATAKA","MANDYA","MANDYA",85,28,5,14,132
"KARNATAKA","MANDYA","NAGAMANGALA",19,18,19,1,57
"KARNATAKA","MANDYA","PANDAVAPURA",9,2,2,1,14
"KARNATAKA","MANDYA","SRIRANGAPATNA",14,0,0,0,14
"KARNATAKA","MYSORE","CHAMARAJANAGAR",9,9,714,0,732
"KARNATAKA","MYSORE","GUNDLUPET",0,0,0,0,0
"KARNATAKA","MYSORE","HEGGADADEVANAKOTE",64,14,52,0,130
"KARNATAKA","MYSORE","HUNSUR",110,12,1,90,213
"KARNATAKA","MYSORE","K.R. NAGAR",0,0,0,0,0
"KARNATAKA","MYSORE","KOLLEGAL",36,30,16,10,92
"KARNATAKA","MYSORE","MYSORE",9,0,4,0,13
"KARNATAKA","MYSORE","NANJANGUD",126,14,17,5,162
"KARNATAKA","MYSORE","PERIYAPATNA",34,0,0,0,34
"KARNATAKA","MYSORE","T. NARASIPURA",2,2,4,0,8
"KARNATAKA","MYSORE","YELANDUR",NA,NA,NA,NA,NA
"KARNATAKA","RAICHUR","DEVADURGA",NA,NA,NA,NA,NA
"KARNATAKA","RAICHUR","GANGAVATHI",113,112,39,25,289
"KARNATAKA","RAICHUR","KOPPAL",204,200,0,1,405
"KARNATAKA","RAICHUR","KUSHTAGI",0,0,0,0,0
"KARNATAKA","RAICHUR","LINGASUGUR",0,0,0,0,0
"KARNATAKA","RAICHUR","MANVI",0,0,0,0,0
"KARNATAKA","RAICHUR","RAICHUR",3,2,0,0,5
"KARNATAKA","RAICHUR","SINDHANUR",16,20,12,0,48
"KARNATAKA","RAICHUR","YELBURGA",389,34,1,42,466
"KARNATAKA","SHIMOGA","BHADRAVATHI",0,0,13,0,13
"KARNATAKA","SHIMOGA","CHANNAGIRI",97,137,743,0,977
"KARNATAKA","SHIMOGA","HONNALI",24,2,35,12,73
"KARNATAKA","SHIMOGA","HOSANAGARA",0,0,0,0,0
"KARNATAKA","SHIMOGA","SAGARA",23,0,1,0,24
"KARNATAKA","SHIMOGA","SHIKARPUR",12,0,4,0,16
"KARNATAKA","SHIMOGA","SHIMOGA",111,28,55,3,197
"KARNATAKA","SHIMOGA","SORAB",285,0,0,0,285
"KARNATAKA","SHIMOGA","TIRTHAHALLI",2,0,0,19,21
"KARNATAKA","TUMKUR","CHICKANAYAKANA HALLY",65,4,11,0,80
"KARNATAKA","TUMKUR","GUBBI",271,4,524,68,867
"KARNATAKA","TUMKUR","KORATAGERE",152,48,8,1,209
"KARNATAKA","TUMKUR","KUNIGAL",339,184,152,21,696
"KARNATAKA","TUMKUR","MADHUGIRI",0,0,0,0,0
"KARNATAKA","TUMKUR","PAVAGADA",18,1,14,0,33
"KARNATAKA","TUMKUR","SIRA",233,44,62,65,404
"KARNATAKA","TUMKUR","TIPTUR",77,54,56,25,212
"KARNATAKA","TUMKUR","TUMKUR",433,40,58,54,585
"KARNATAKA","TUMKUR","TURUVEKERE",2,0,5,0,7
"KARNATAKA","UTTARA KANNADA","ANKOLA",NA,NA,NA,NA,NA
"KARNATAKA","UTTARA KANNADA","BHATKAL",NA,NA,NA,NA,NA
"KARNATAKA","UTTARA KANNADA","HALYAL",0,0,0,2,2
"KARNATAKA","UTTARA KANNADA","HONNAVAR",NA,NA,NA,NA,NA
"KARNATAKA","UTTARA KANNADA","KARWAR",NA,NA,NA,NA,NA
"KARNATAKA","UTTARA KANNADA","KUMTA",0,0,0,0,0
"KARNATAKA","UTTARA KANNADA","MUNDAGOD",0,0,0,0,0
"KARNATAKA","UTTARA KANNADA","SIDDAPUR",0,0,0,0,0
"KARNATAKA","UTTARA KANNADA","SIRSI",0,0,0,0,0
"KARNATAKA","UTTARA KANNADA","SUPA",NA,NA,NA,NA,NA
"KARNATAKA","UTTARA KANNADA","YELLAPUR",0,0,0,0,0
"KERALA","ALAPUZHA","ALAPUZHA",NA,NA,NA,NA,NA
"KERALA","ALAPUZHA","AMBALAPUZHA",NA,NA,NA,NA,NA
"KERALA","ALAPUZHA","ARIYAD",NA,NA,NA,NA,NA
"KERALA","ALAPUZHA","BHARANICAVU",0,0,0,0,0
"KERALA","ALAPUZHA","CHAMPAKKULAM",NA,NA,NA,NA,NA
"KERALA","ALAPUZHA","CHENGANNUR",NA,NA,NA,NA,NA
"KERALA","ALAPUZHA","CHERTHALA",NA,NA,NA,NA,NA
"KERALA","ALAPUZHA","HARIPPAD",NA,NA,NA,NA,NA
"KERALA","ALAPUZHA","KANJIKUZHI",NA,NA,NA,NA,NA
"KERALA","ALAPUZHA","KAYAMKULAM",NA,NA,NA,NA,NA
"KERALA","ALAPUZHA","KUNDALA",0,0,0,0,0
"KERALA","ALAPUZHA","MAVELIKARA",NA,NA,NA,NA,NA
"KERALA","ALAPUZHA","MUTHUKULAM",NA,NA,NA,NA,NA
"KERALA","ALAPUZHA","PANDALAM",NA,NA,NA,NA,NA
"KERALA","ALAPUZHA","PATTANAKKAD",NA,NA,NA,NA,NA
"KERALA","ALAPUZHA","THYCATUSSERY",NA,NA,NA,NA,NA
"KERALA","ALAPUZHA","VELIYANAD",NA,NA,NA,NA,NA
"KERALA","ERANAKULAM","ALANGAD",NA,NA,NA,NA,NA
"KERALA","ERANAKULAM","ALUWA",NA,NA,NA,NA,NA
"KERALA","ERANAKULAM","ANGAMALY",NA,NA,NA,NA,NA
"KERALA","ERANAKULAM","ANKAMALY",NA,NA,NA,NA,NA
"KERALA","ERANAKULAM","COCHIN",NA,NA,NA,NA,NA
"KERALA","ERANAKULAM","EDAPPALLY",0,0,0,0,0
"KERALA","ERANAKULAM","KALAMASSERY",0,0,0,0,0
"KERALA","ERANAKULAM","KOOVAPPADY",NA,NA,NA,NA,NA
"KERALA","ERANAKULAM","KOTHAMANGALAM",NA,NA,NA,NA,NA
"KERALA","ERANAKULAM","KOTHAMANGALAM",0,0,0,0,0
"KERALA","ERANAKULAM","MULAMTHURUTHY",NA,NA,NA,NA,NA
"KERALA","ERANAKULAM","MUVATTUPUZHA",NA,NA,NA,NA,NA
"KERALA","ERANAKULAM","MUVATTUPUZHA",NA,NA,NA,NA,NA
"KERALA","ERANAKULAM","NORTH PARAVOOR",NA,NA,NA,NA,NA
"KERALA","ERANAKULAM","NORTH PARUR",NA,NA,NA,NA,NA
"KERALA","ERANAKULAM","PALLURUTHY",NA,NA,NA,NA,NA
"KERALA","ERANAKULAM","PAMPAKUDA",NA,NA,NA,NA,NA
"KERALA","ERANAKULAM","PARAKADAVU",NA,NA,NA,NA,NA
"KERALA","ERANAKULAM","PERUMBAVOOR",NA,NA,NA,NA,NA
"KERALA","ERANAKULAM","TRIPPUNITHURA",NA,NA,NA,NA,NA
"KERALA","ERANAKULAM","VADAVUKODU",NA,NA,NA,NA,NA
"KERALA","ERANAKULAM","VAZHAKULAM",NA,NA,NA,NA,NA
"KERALA","ERANAKULAM","VYPEEN",NA,NA,NA,NA,NA
"KERALA","ERANAKULAM","VYTTILA",NA,NA,NA,NA,NA
"KERALA","IDUKKI","ADIMALI",NA,NA,NA,NA,NA
"KERALA","IDUKKI","AZHUTHA",NA,NA,NA,NA,NA
"KERALA","IDUKKI","DEVIKULAM",NA,NA,NA,NA,NA
"KERALA","IDUKKI","ELAMDESAM",NA,NA,NA,NA,NA
"KERALA","IDUKKI","IDUKKI",NA,NA,NA,NA,NA
"KERALA","IDUKKI","KATTAPPANA",NA,NA,NA,NA,NA
"KERALA","IDUKKI","NEDUMKADAM",0,0,0,0,0
"KERALA","IDUKKI","THODUPUZHA",NA,NA,NA,NA,NA
"KERALA","IDUKKI","THODUPUZHA",NA,NA,NA,NA,NA
"KERALA","KANNUR","EDAKKAD",0,0,0,0,0
"KERALA","KANNUR","IRITTY",NA,NA,NA,NA,NA
"KERALA","KANNUR","KANNUR",NA,NA,NA,NA,NA
"KERALA","KANNUR","KANNUR",NA,NA,NA,NA,NA
"KERALA","KANNUR","KOOTHUPARAMBA",NA,NA,NA,NA,NA
"KERALA","KANNUR","KUTHUPARAMBA",NA,NA,NA,NA,NA
"KERALA","KANNUR","PAYYANNUR",NA,NA,NA,NA,NA
"KERALA","KANNUR","PAYYANNUR",NA,NA,NA,NA,NA
"KERALA","KANNUR","PERAVOOR",NA,NA,NA,NA,NA
"KERALA","KANNUR","THALASSERY",NA,NA,NA,NA,NA
"KERALA","KANNUR","THALASSERY",NA,NA,NA,NA,NA
"KERALA","KANNUR","THALIPPARAMBA",0,0,0,0,0
"KERALA","KANNUR","THALIPPARAMBA",NA,NA,NA,NA,NA
"KERALA","KANNUR","TRIKKUR",0,0,0,0,0
"KERALA","KASARAGODE","KANHANGAD",0,0,0,0,0
"KERALA","KASARAGODE","KANJANGAD",0,0,0,0,0
"KERALA","KASARAGODE","KASARAGODE",0,0,0,0,0
"KERALA","KASARAGODE","KASARAGODE",NA,NA,NA,NA,NA
"KERALA","KASARAGODE","MANJESWARAM",0,0,0,0,0
"KERALA","KASARAGODE","NEELESWARAM",0,0,0,0,0
"KERALA","KOLLAM","ANCHAL",NA,NA,NA,NA,NA
"KERALA","KOLLAM","ANCHALUMMOODU",NA,NA,NA,NA,NA
"KERALA","KOLLAM","CHADAYAMANGALAM",NA,NA,NA,NA,NA
"KERALA","KOLLAM","CHAVARA",NA,NA,NA,NA,NA
"KERALA","KOLLAM","CHITTUMALA",NA,NA,NA,NA,NA
"KERALA","KOLLAM","ITHIKKARA",0,0,0,0,0
"KERALA","KOLLAM","KARUNAGAPPALLY",0,0,0,0,0
"KERALA","KOLLAM","KOLLAM",NA,NA,NA,NA,NA
"KERALA","KOLLAM","KOTTARAKKARA",NA,NA,NA,NA,NA
"KERALA","KOLLAM","MUKHATHALA",NA,NA,NA,NA,NA
"KERALA","KOLLAM","OCHIRA",NA,NA,NA,NA,NA
"KERALA","KOLLAM","PARAVOOR",NA,NA,NA,NA,NA
"KERALA","KOLLAM","PATHANAPURAM",NA,NA,NA,NA,NA
"KERALA","KOLLAM","PUNALOOR",NA,NA,NA,NA,NA
"KERALA","KOLLAM","SASTHAMCOTTA",0,0,0,0,0
"KERALA","KOLLAM","VETTIKKAVALA",0,0,0,0,0
"KERALA","KOTTAYAM","CHANGANASSERY",NA,NA,NA,NA,NA
"KERALA","KOTTAYAM","CHENGANNUR",NA,NA,NA,NA,NA
"KERALA","KOTTAYAM","ERATTUPETTAH",0,0,0,0,0
"KERALA","KOTTAYAM","ETTUMANOOR",NA,NA,NA,NA,NA
"KERALA","KOTTAYAM","KADUTHURUTHY",NA,NA,NA,NA,NA
"KERALA","KOTTAYAM","KANJIRAPPALLY",NA,NA,NA,NA,NA
"KERALA","KOTTAYAM","KOTTAYAM",NA,NA,NA,NA,NA
"KERALA","KOTTAYAM","LALAM",0,0,0,0,0
"KERALA","KOTTAYAM","MADAPPALLY",NA,NA,NA,NA,NA
"KERALA","KOTTAYAM","MAVELIKKARA",NA,NA,NA,NA,NA
"KERALA","KOTTAYAM","PALA",NA,NA,NA,NA,NA
"KERALA","KOTTAYAM","PALLAM",NA,NA,NA,NA,NA
"KERALA","KOTTAYAM","PAMPADY",NA,NA,NA,NA,NA
"KERALA","KOTTAYAM","UZHVOOR",0,0,0,0,0
"KERALA","KOTTAYAM","VAIKOM",NA,NA,NA,NA,NA
"KERALA","KOTTAYAM","VAZHOOR",NA,NA,NA,NA,NA
"KERALA","KOZHIKODE","BALUSSERY",NA,NA,NA,NA,NA
"KERALA","KOZHIKODE","CHELANNUR",NA,NA,NA,NA,NA
"KERALA","KOZHIKODE","KODUVALLY",0,0,0,0,0
"KERALA","KOZHIKODE","KOZHIKODE",NA,NA,NA,NA,NA
"KERALA","KOZHIKODE","KOZHIKODE",NA,NA,NA,NA,NA
"KERALA","KOZHIKODE","KUNNAMANGALAM",NA,NA,NA,NA,NA
"KERALA","KOZHIKODE","KUNNUMMEL",NA,NA,NA,NA,NA
"KERALA","KOZHIKODE","MELADI",NA,NA,NA,NA,NA
"KERALA","KOZHIKODE","PANTHALAYANI",NA,NA,NA,NA,NA
"KERALA","KOZHIKODE","PERAMBRA",NA,NA,NA,NA,NA
"KERALA","KOZHIKODE","QUILANDY",NA,NA,NA,NA,NA
"KERALA","KOZHIKODE","THODANNUR",NA,NA,NA,NA,NA
"KERALA","KOZHIKODE","THUNERI",NA,NA,NA,NA,NA
"KERALA","KOZHIKODE","VADAGARA",NA,NA,NA,NA,NA
"KERALA","KOZHIKODE","VADAKARA",0,0,0,0,0
"KERALA","MALAPPURAM","ANDATHODU",NA,NA,NA,NA,NA
"KERALA","MALAPPURAM","AREEKODE",NA,NA,NA,NA,NA
"KERALA","MALAPPURAM","KONDOTTY",NA,NA,NA,NA,NA
"KERALA","MALAPPURAM","KUTTIPPURAM",NA,NA,NA,NA,NA
"KERALA","MALAPPURAM","MALAPPURAM",0,0,0,0,0
"KERALA","MALAPPURAM","MALAPPURAM",NA,NA,NA,NA,NA
"KERALA","MALAPPURAM","MANJERI",NA,NA,NA,NA,NA
"KERALA","MALAPPURAM","MANKADA",0,0,0,0,0
"KERALA","MALAPPURAM","NILAMBOOR",NA,NA,NA,NA,NA
"KERALA","MALAPPURAM","PERUNTHALMANNA",0,0,0,0,0
"KERALA","MALAPPURAM","PERUNTHALMANNA",NA,NA,NA,NA,NA
"KERALA","MALAPPURAM","PONNANI",NA,NA,NA,NA,NA
"KERALA","MALAPPURAM","PONNANI",NA,NA,NA,NA,NA
"KERALA","MALAPPURAM","THANNUR",NA,NA,NA,NA,NA
"KERALA","MALAPPURAM","THIROOR",NA,NA,NA,NA,NA
"KERALA","MALAPPURAM","THIRURANGADI",NA,NA,NA,NA,NA
"KERALA","MALAPPURAM","TIRUR",NA,NA,NA,NA,NA
"KERALA","MALAPPURAM","VENGARA",NA,NA,NA,NA,NA
"KERALA","MALAPPURAM","WANDOOR",NA,NA,NA,NA,NA
"KERALA","PALAKKAD","ALATHUR",0,0,0,0,0
"KERALA","PALAKKAD","ATTAPPADY",NA,NA,NA,NA,NA
"KERALA","PALAKKAD","CHITTUR",NA,NA,NA,NA,NA
"KERALA","PALAKKAD","CHITTUR THATHAMANGAL",NA,NA,NA,NA,NA
"KERALA","PALAKKAD","KOLLENGODE",0,2,0,0,2
"KERALA","PALAKKAD","KUZHALMANNAM",NA,NA,NA,NA,NA
"KERALA","PALAKKAD","MALAMPUZHA",0,0,0,0,0
"KERALA","PALAKKAD","MANNARKKAD",0,0,0,0,0
"KERALA","PALAKKAD","NEMMARA",0,2,0,0,2
"KERALA","PALAKKAD","OTTAPPALAM",NA,NA,NA,NA,NA
"KERALA","PALAKKAD","OTTAPPALAM",0,0,0,0,0
"KERALA","PALAKKAD","PALAKKAD",NA,NA,NA,NA,NA
"KERALA","PALAKKAD","PALAKKAD",NA,NA,NA,NA,NA
"KERALA","PALAKKAD","PATTAMBI",NA,NA,NA,NA,NA
"KERALA","PALAKKAD","SHORANNUR",NA,NA,NA,NA,NA
"KERALA","PALAKKAD","SREEKRISHNAPURAM",NA,NA,NA,NA,NA
"KERALA","PALAKKAD","THRITHALA",NA,NA,NA,NA,NA
"KERALA","PATHANAMTHITTA","ADOOR",NA,NA,NA,NA,NA
"KERALA","PATHANAMTHITTA","ELALTHUR",NA,NA,NA,NA,NA
"KERALA","PATHANAMTHITTA","KOIPURAM",0,0,0,0,0
"KERALA","PATHANAMTHITTA","KONNI",NA,NA,NA,NA,NA
"KERALA","PATHANAMTHITTA","KULANADA",NA,NA,NA,NA,NA
"KERALA","PATHANAMTHITTA","MALLAPPALLY",NA,NA,NA,NA,NA
"KERALA","PATHANAMTHITTA","PANDALAM",NA,NA,NA,NA,NA
"KERALA","PATHANAMTHITTA","PARAKODE",NA,NA,NA,NA,NA
"KERALA","PATHANAMTHITTA","PATHANMTHITTA",NA,NA,NA,NA,NA
"KERALA","PATHANAMTHITTA","PULIKEEZHU",NA,NA,NA,NA,NA
"KERALA","PATHANAMTHITTA","RANNI",0,0,0,0,0
"KERALA","PATHANAMTHITTA","THIRUVALLA",NA,NA,NA,NA,NA
"KERALA","THIRUVANANTHAPURAM","ATHIYANNOR",0,0,0,0,0
"KERALA","THIRUVANANTHAPURAM","ATTINGAL",NA,NA,NA,NA,NA
"KERALA","THIRUVANANTHAPURAM","CHIRAYINKEEZHU",NA,NA,NA,NA,NA
"KERALA","THIRUVANANTHAPURAM","KAZHAKUTTOM",NA,NA,NA,NA,NA
"KERALA","THIRUVANANTHAPURAM","KILIMANNOR",0,0,0,0,0
"KERALA","THIRUVANANTHAPURAM","NEDUMANGAD",NA,NA,NA,NA,NA
"KERALA","THIRUVANANTHAPURAM","NEDUMANGADU",NA,NA,NA,NA,NA
"KERALA","THIRUVANANTHAPURAM","NEMOM",NA,NA,NA,NA,NA
"KERALA","THIRUVANANTHAPURAM","NEYYATTINKARA",NA,NA,NA,NA,NA
"KERALA","THIRUVANANTHAPURAM","PARASSALLA",0,0,0,0,0
"KERALA","THIRUVANANTHAPURAM","PERUMKADAVILA",NA,NA,NA,NA,NA
"KERALA","THIRUVANANTHAPURAM","THIRUVANANTHAPURAM",NA,NA,NA,NA,NA
"KERALA","THIRUVANANTHAPURAM","THIRUVANANTHAPURAM-R",NA,NA,NA,NA,NA
"KERALA","THIRUVANANTHAPURAM","VAMANAPURAM",NA,NA,NA,NA,NA
"KERALA","THIRUVANANTHAPURAM","VARKALA",NA,NA,NA,NA,NA
"KERALA","THIRUVANANTHAPURAM","VARKKALA",NA,NA,NA,NA,NA
"KERALA","THIRUVANANTHAPURAM","VELLANADU",NA,NA,NA,NA,NA
"KERALA","THRISSUR","ANTHIKKAD",NA,NA,NA,NA,NA
"KERALA","THRISSUR","CHALAKKUDI",NA,NA,NA,NA,NA
"KERALA","THRISSUR","CHALAKUDY",NA,NA,NA,NA,NA
"KERALA","THRISSUR","CHAVAKKAD",NA,NA,NA,NA,NA
"KERALA","THRISSUR","CHAWAKKAD",NA,NA,NA,NA,NA
"KERALA","THRISSUR","CHERPU",NA,NA,NA,NA,NA
"KERALA","THRISSUR","CHOWANNUR",NA,NA,NA,NA,NA
"KERALA","THRISSUR","GURUVAYUR",NA,NA,NA,NA,NA
"KERALA","THRISSUR","IRINGALAKKUDA",NA,NA,NA,NA,NA
"KERALA","THRISSUR","IRRINJALAKUDA",NA,NA,NA,NA,NA
"KERALA","THRISSUR","KODAKARA",NA,NA,NA,NA,NA
"KERALA","THRISSUR","KODUNGALLOOR",NA,NA,NA,NA,NA
"KERALA","THRISSUR","KODUNGALLUR",NA,NA,NA,NA,NA
"KERALA","THRISSUR","KUNNAMKULAM",NA,NA,NA,NA,NA
"KERALA","THRISSUR","MALA",NA,NA,NA,NA,NA
"KERALA","THRISSUR","MATHILAKAM",NA,NA,NA,NA,NA
"KERALA","THRISSUR","MULLASSERY",NA,NA,NA,NA,NA
"KERALA","THRISSUR","OLLUKKARA",NA,NA,NA,NA,NA
"KERALA","THRISSUR","PAZHAYANNUR",0,0,0,0,0
"KERALA","THRISSUR","PUZHAKKAL",NA,NA,NA,NA,NA
"KERALA","THRISSUR","THALIKUALAM",NA,NA,NA,NA,NA
"KERALA","THRISSUR","THRISSUR",NA,NA,NA,NA,NA
"KERALA","THRISSUR","VADAKKANCHERRY",NA,NA,NA,NA,NA
"KERALA","THRISSUR","VILLANGALLUR",NA,NA,NA,NA,NA
"KERALA","WAYANAD","KALPETTA",NA,NA,NA,NA,NA
"KERALA","WAYANAD","MANANTHAVADI",NA,NA,NA,NA,NA
"KERALA","WAYANAD","SULTHANBATHERY",NA,NA,NA,NA,NA
"MADHYA PRADESH","BALAGHAT","BAIHAR",NA,NA,NA,NA,NA
"MADHYA PRADESH","BALAGHAT","BALAGHAT",NA,NA,NA,NA,NA
"MADHYA PRADESH","BALAGHAT","BIRSA",NA,NA,NA,NA,NA
"MADHYA PRADESH","BALAGHAT","KATANGI",0,0,0,0,0
"MADHYA PRADESH","BALAGHAT","KHAIRLANJI",NA,NA,NA,NA,NA
"MADHYA PRADESH","BALAGHAT","KIRNAPUR",NA,NA,NA,NA,NA
"MADHYA PRADESH","BALAGHAT","LALBARRA",NA,NA,NA,NA,NA
"MADHYA PRADESH","BALAGHAT","LANJI",NA,NA,NA,NA,NA
"MADHYA PRADESH","BALAGHAT","PARASWADA",NA,NA,NA,NA,NA
"MADHYA PRADESH","BALAGHAT","WARASEONI",NA,NA,NA,NA,NA
"MADHYA PRADESH","BASTAR","ABHJHMAND",NA,NA,NA,NA,NA
"MADHYA PRADESH","BASTAR","ANTAGARH",NA,NA,NA,NA,NA
"MADHYA PRADESH","BASTAR","BADERAJPUR",NA,NA,NA,NA,NA
"MADHYA PRADESH","BASTAR","BAKAWAND",NA,NA,NA,NA,NA
"MADHYA PRADESH","BASTAR","BASTANAR",NA,NA,NA,NA,NA
"MADHYA PRADESH","BASTAR","BASTAR",NA,NA,NA,NA,NA
"MADHYA PRADESH","BASTAR","BHAIRAMGARH",NA,NA,NA,NA,NA
"MADHYA PRADESH","BASTAR","BHANUPRATAPPUR",NA,NA,NA,NA,NA
"MADHYA PRADESH","BASTAR","BHOPALPATNAM",NA,NA,NA,NA,NA
"MADHYA PRADESH","BASTAR","BIJAPUR",NA,NA,NA,NA,NA
"MADHYA PRADESH","BASTAR","CHARAMA",NA,NA,NA,NA,NA
"MADHYA PRADESH","BASTAR","CHHINDGARH",NA,NA,NA,NA,NA
"MADHYA PRADESH","BASTAR","DANTEWARA",NA,NA,NA,NA,NA
"MADHYA PRADESH","BASTAR","DARBHA",NA,NA,NA,NA,NA
"MADHYA PRADESH","BASTAR","DURGKONDAL",NA,NA,NA,NA,NA
"MADHYA PRADESH","BASTAR","FARASGAON",NA,NA,NA,NA,NA
"MADHYA PRADESH","BASTAR","GEEDAM",NA,NA,NA,NA,NA
"MADHYA PRADESH","BASTAR","HSOOR",0,0,0,0,0
"MADHYA PRADESH","BASTAR","JAGDALPUR",NA,NA,NA,NA,NA
"MADHYA PRADESH","BASTAR","KANKER",NA,NA,NA,NA,NA
"MADHYA PRADESH","BASTAR","KATEKALYAN",NA,NA,NA,NA,NA
"MADHYA PRADESH","BASTAR","KESHKAL",NA,NA,NA,NA,NA
"MADHYA PRADESH","BASTAR","KONDAGAON",NA,NA,NA,NA,NA
"MADHYA PRADESH","BASTAR","KONTA",NA,NA,NA,NA,NA
"MADHYA PRADESH","BASTAR","KOYALIBEDA",NA,NA,NA,NA,NA
"MADHYA PRADESH","BASTAR","KUAKONDA",NA,NA,NA,NA,NA
"MADHYA PRADESH","BASTAR","LOHANDIGURA",NA,NA,NA,NA,NA
"MADHYA PRADESH","BASTAR","MAKADI",NA,NA,NA,NA,NA
"MADHYA PRADESH","BASTAR","NARAYANPUR",NA,NA,NA,NA,NA
"MADHYA PRADESH","BASTAR","SARONA (NARHARPUR)",0,0,0,0,0
"MADHYA PRADESH","BASTAR","SUKUMA",0,0,0,0,0
"MADHYA PRADESH","BASTAR","TOKAPAL",NA,NA,NA,NA,NA
"MADHYA PRADESH","BETUL","AAMLA",0,0,0,0,0
"MADHYA PRADESH","BETUL","AATHNER",0,0,0,0,0
"MADHYA PRADESH","BETUL","BETUL",0,0,0,0,0
"MADHYA PRADESH","BETUL","BHAINSDEHI",0,0,0,0,0
"MADHYA PRADESH","BETUL","BHEEMPUR",NA,NA,NA,NA,NA
"MADHYA PRADESH","BETUL","CHICHOLI",0,0,0,0,0
"MADHYA PRADESH","BETUL","GHODADONGRI",0,0,0,0,0
"MADHYA PRADESH","BETUL","MULTAI",0,0,0,0,0
"MADHYA PRADESH","BETUL","PRABHATPATTANAM",0,0,0,0,0
"MADHYA PRADESH","BETUL","SHAHPUR",0,0,0,0,0
"MADHYA PRADESH","BHIND","ATER",NA,NA,NA,NA,NA
"MADHYA PRADESH","BHIND","BHIND",0,0,0,0,0
"MADHYA PRADESH","BHIND","GOHAD",0,0,0,0,0
"MADHYA PRADESH","BHIND","LAHAR",0,0,0,0,0
"MADHYA PRADESH","BHIND","MEHGAON",0,0,0,0,0
"MADHYA PRADESH","BHIND","MITONA (RAUN)",0,0,0,0,0
"MADHYA PRADESH","BHOPAL","BERASIYA",NA,NA,NA,NA,NA
"MADHYA PRADESH","BHOPAL","PHANDA",NA,NA,NA,NA,NA
"MADHYA PRADESH","BILASPUR","AKALTARA",0,0,0,0,0
"MADHYA PRADESH","BILASPUR","BALAUDA",NA,NA,NA,NA,NA
"MADHYA PRADESH","BILASPUR","BILHA",0,0,0,0,0
"MADHYA PRADESH","BILASPUR","CHANPA",0,0,0,0,0
"MADHYA PRADESH","BILASPUR","DABHARA",NA,NA,NA,NA,NA
"MADHYA PRADESH","BILASPUR","GORELLA-1",NA,NA,NA,NA,NA
"MADHYA PRADESH","BILASPUR","GORELLA-2",NA,NA,NA,NA,NA
"MADHYA PRADESH","BILASPUR","JALJAIPUR",0,0,0,0,0
"MADHYA PRADESH","BILASPUR","KARTALA",NA,NA,NA,NA,NA
"MADHYA PRADESH","BILASPUR","KATHGHORA",NA,NA,NA,NA,NA
"MADHYA PRADESH","BILASPUR","KORBA",0,0,0,0,0
"MADHYA PRADESH","BILASPUR","KOTA",NA,NA,NA,NA,NA
"MADHYA PRADESH","BILASPUR","LORMI",0,0,0,0,0
"MADHYA PRADESH","BILASPUR","MALKHARAUDA",NA,NA,NA,NA,NA
"MADHYA PRADESH","BILASPUR","MARWAHI",NA,NA,NA,NA,NA
"MADHYA PRADESH","BILASPUR","MASTURI",39,20,0,0,59
"MADHYA PRADESH","BILASPUR","MUNGELI",0,0,0,0,0
"MADHYA PRADESH","BILASPUR","NAWAGARH",NA,NA,NA,NA,NA
"MADHYA PRADESH","BILASPUR","PALI",NA,NA,NA,NA,NA
"MADHYA PRADESH","BILASPUR","PAMGARH",NA,NA,NA,NA,NA
"MADHYA PRADESH","BILASPUR","PANDARIYA",40,31,0,0,71
"MADHYA PRADESH","BILASPUR","PATHARIYA",4,3,0,0,7
"MADHYA PRADESH","BILASPUR","PONDI-APRORA",NA,NA,NA,NA,NA
"MADHYA PRADESH","BILASPUR","SAKTI",NA,NA,NA,NA,NA
"MADHYA PRADESH","BILASPUR","TAKHATPUR",NA,NA,NA,NA,NA
"MADHYA PRADESH","CHHATARPUR","BADAMALHARA",NA,NA,NA,NA,NA
"MADHYA PRADESH","CHHATARPUR","BAKSWAHA",0,0,0,0,0
"MADHYA PRADESH","CHHATARPUR","BIJAWAR",NA,NA,NA,NA,NA
"MADHYA PRADESH","CHHATARPUR","CHHATARPUR",NA,NA,NA,NA,NA
"MADHYA PRADESH","CHHATARPUR","GAURIHAR",NA,NA,NA,NA,NA
"MADHYA PRADESH","CHHATARPUR","LAUNDI",NA,NA,NA,NA,NA
"MADHYA PRADESH","CHHATARPUR","NAUGAON",NA,NA,NA,NA,NA
"MADHYA PRADESH","CHHATARPUR","RAJNAGAR",0,0,0,0,0
"MADHYA PRADESH","CHHINDWARA","AMARWADA",0,0,0,0,0
"MADHYA PRADESH","CHHINDWARA","BICHHIYA",NA,NA,NA,NA,NA
"MADHYA PRADESH","CHHINDWARA","CHAURAI",0,0,0,0,0
"MADHYA PRADESH","CHHINDWARA","CHHINDWARA",0,0,0,0,0
"MADHYA PRADESH","CHHINDWARA","HARRAI",NA,NA,NA,NA,NA
"MADHYA PRADESH","CHHINDWARA","JAMAIE",0,0,0,0,0
"MADHYA PRADESH","CHHINDWARA","MOHKHED",0,0,0,0,0
"MADHYA PRADESH","CHHINDWARA","PANDHURNA",0,0,0,0,0
"MADHYA PRADESH","CHHINDWARA","PARASIYA",0,0,0,0,0
"MADHYA PRADESH","CHHINDWARA","SAUNSAR",NA,NA,NA,NA,NA
"MADHYA PRADESH","CHHINDWARA","TAMIYA",NA,NA,NA,NA,NA
"MADHYA PRADESH","DAMOH","DAMOH",NA,NA,NA,NA,NA
"MADHYA PRADESH","DAMOH","HATA",0,0,0,0,0
"MADHYA PRADESH","DAMOH","JABERA",0,30,0,0,30
"MADHYA PRADESH","DAMOH","PATERA",0,0,0,0,0
"MADHYA PRADESH","DAMOH","PATHARIYA",0,0,0,0,0
"MADHYA PRADESH","DAMOH","PATIYAGARH",0,0,0,0,0
"MADHYA PRADESH","DAMOH","TENDUKHEDA",NA,NA,NA,NA,NA
"MADHYA PRADESH","DATIA","DATIA",NA,NA,NA,NA,NA
"MADHYA PRADESH","DATIA","SEONDHA",NA,NA,NA,NA,NA
"MADHYA PRADESH","DEWAS","BAGALI",0,0,0,0,0
"MADHYA PRADESH","DEWAS","DEWAS",0,0,0,0,0
"MADHYA PRADESH","DEWAS","KANNAUD",0,19,0,0,19
"MADHYA PRADESH","DEWAS","KHATEGAON",0,0,0,0,0
"MADHYA PRADESH","DEWAS","SONKACHH",0,0,0,0,0
"MADHYA PRADESH","DEWAS","TONK KHURD",NA,NA,NA,NA,NA
"MADHYA PRADESH","DHAR","BADNAWAR",0,0,0,0,0
"MADHYA PRADESH","DHAR","BAKANER",NA,NA,NA,NA,NA
"MADHYA PRADESH","DHAR","BANDH",0,0,0,0,0
"MADHYA PRADESH","DHAR","DAHEE",0,0,0,0,0
"MADHYA PRADESH","DHAR","DHAR",NA,NA,NA,NA,NA
"MADHYA PRADESH","DHAR","DHARAMPURI",0,0,0,0,0
"MADHYA PRADESH","DHAR","GANDHWANI",0,0,0,0,0
"MADHYA PRADESH","DHAR","KUKSHI",0,0,0,0,0
"MADHYA PRADESH","DHAR","MANAWAR",0,0,0,0,0
"MADHYA PRADESH","DHAR","NALCHHA",NA,NA,NA,NA,NA
"MADHYA PRADESH","DHAR","NISARPUR",0,0,0,0,0
"MADHYA PRADESH","DHAR","SARDARPUR",0,0,0,0,0
"MADHYA PRADESH","DHAR","TIRLA",NA,NA,NA,NA,NA
"MADHYA PRADESH","DURG","BALOD",0,0,0,0,0
"MADHYA PRADESH","DURG","BEMETARA",0,0,0,0,0
"MADHYA PRADESH","DURG","BERLA",0,0,0,0,0
"MADHYA PRADESH","DURG","DHAMDA",0,0,0,0,0
"MADHYA PRADESH","DURG","DONDI",0,0,0,0,0
"MADHYA PRADESH","DURG","DONDILOHARA",0,0,0,0,0
"MADHYA PRADESH","DURG","DURG",31,5,0,2,38
"MADHYA PRADESH","DURG","GUNDARDEHI",0,0,0,0,0
"MADHYA PRADESH","DURG","GURUR",7,0,0,0,7
"MADHYA PRADESH","DURG","NAWAGARH",0,0,0,0,0
"MADHYA PRADESH","DURG","PATAN",0,0,0,0,0
"MADHYA PRADESH","DURG","SAJA",0,0,0,0,0
"MADHYA PRADESH","GUNA","ARON",0,0,0,0,0
"MADHYA PRADESH","GUNA","ASHOKNAGAR",0,0,0,0,0
"MADHYA PRADESH","GUNA","BAGHOGARH",0,5,0,0,5
"MADHYA PRADESH","GUNA","BAMORI",0,96,0,0,96
"MADHYA PRADESH","GUNA","CHACHAUDA",0,0,0,0,0
"MADHYA PRADESH","GUNA","CHANDERI",NA,NA,NA,NA,NA
"MADHYA PRADESH","GUNA","GUNA",NA,NA,NA,NA,NA
"MADHYA PRADESH","GUNA","ISAGARH",0,121,0,0,121
"MADHYA PRADESH","GUNA","MUNGAOLI",0,0,0,0,0
"MADHYA PRADESH","GWALIOR","BHANDER",0,0,0,0,0
"MADHYA PRADESH","GWALIOR","BHITARWAR",NA,NA,NA,NA,NA
"MADHYA PRADESH","GWALIOR","DABRA",NA,NA,NA,NA,NA
"MADHYA PRADESH","GWALIOR","GHATI GAON",0,0,0,0,0
"MADHYA PRADESH","GWALIOR","MORAR",NA,NA,NA,NA,NA
"MADHYA PRADESH","HOSHANGABAD","BABAI",0,0,0,0,0
"MADHYA PRADESH","HOSHANGABAD","BANKHEDI",0,0,0,0,0
"MADHYA PRADESH","HOSHANGABAD","HARDA",0,0,0,0,0
"MADHYA PRADESH","HOSHANGABAD","HOSHNAGABAD",0,0,0,0,0
"MADHYA PRADESH","HOSHANGABAD","KESALI",0,0,0,0,0
"MADHYA PRADESH","HOSHANGABAD","KHIRAKIYA",0,0,0,0,0
"MADHYA PRADESH","HOSHANGABAD","PIPARIA",0,0,0,0,0
"MADHYA PRADESH","HOSHANGABAD","SEONI MALWA",0,10,0,0,10
"MADHYA PRADESH","HOSHANGABAD","SOHAGPUR",0,0,0,0,0
"MADHYA PRADESH","HOSHANGABAD","TIMARNI",NA,NA,NA,NA,NA
"MADHYA PRADESH","INDORE","DEPALPUR",0,0,0,0,0
"MADHYA PRADESH","INDORE","INDORE",0,0,0,0,0
"MADHYA PRADESH","INDORE","MHOW",3,50,0,0,53
"MADHYA PRADESH","INDORE","SANWER",NA,NA,NA,NA,NA
"MADHYA PRADESH","JABALPUR","BADWARA",0,0,0,0,0
"MADHYA PRADESH","JABALPUR","BAMHORIBAND",0,0,0,0,0
"MADHYA PRADESH","JABALPUR","BARGI",0,0,0,0,0
"MADHYA PRADESH","JABALPUR","DHIMARKHEDA",NA,NA,NA,NA,NA
"MADHYA PRADESH","JABALPUR","KATNI",NA,NA,NA,NA,NA
"MADHYA PRADESH","JABALPUR","KUNDAM",NA,NA,NA,NA,NA
"MADHYA PRADESH","JABALPUR","MAJHAULI",0,0,0,0,0
"MADHYA PRADESH","JABALPUR","PANAGARH",0,0,0,0,0
"MADHYA PRADESH","JABALPUR","PATAN",0,0,0,0,0
"MADHYA PRADESH","JABALPUR","RITHI",NA,NA,NA,NA,NA
"MADHYA PRADESH","JABALPUR","SHAHPURA",0,0,0,0,0
"MADHYA PRADESH","JABALPUR","SIHORA",NA,NA,NA,NA,NA
"MADHYA PRADESH","JABALPUR","VIJAYRAGHOGARH",NA,NA,NA,NA,NA
"MADHYA PRADESH","JHABUA","ALIRAJPUR",NA,NA,NA,NA,NA
"MADHYA PRADESH","JHABUA","BHAWRA",NA,NA,NA,NA,NA
"MADHYA PRADESH","JHABUA","JHABUA",NA,NA,NA,NA,NA
"MADHYA PRADESH","JHABUA","JOBAT",NA,NA,NA,NA,NA
"MADHYA PRADESH","JHABUA","KANTHIWADA",NA,NA,NA,NA,NA
"MADHYA PRADESH","JHABUA","MEGHNAGAR",NA,NA,NA,NA,NA
"MADHYA PRADESH","JHABUA","PETALAWAD",0,0,0,0,0
"MADHYA PRADESH","JHABUA","RAMA",NA,NA,NA,NA,NA
"MADHYA PRADESH","JHABUA","RANAPUR",NA,NA,NA,NA,NA
"MADHYA PRADESH","JHABUA","SONDWA",NA,NA,NA,NA,NA
"MADHYA PRADESH","JHABUA","THANDLA",0,0,0,0,0
"MADHYA PRADESH","JHABUA","UDAIGARH",NA,NA,NA,NA,NA
"MADHYA PRADESH","KHANDWA","BALDEE",0,0,0,0,0
"MADHYA PRADESH","KHANDWA","BURHANPUR",0,0,0,0,0
"MADHYA PRADESH","KHANDWA","CHHAIGAON MAKHAN",0,0,0,0,0
"MADHYA PRADESH","KHANDWA","HARSUD",0,186,0,0,186
"MADHYA PRADESH","KHANDWA","KHAKNER",0,0,0,0,0
"MADHYA PRADESH","KHANDWA","KHALWA",0,0,0,0,0
"MADHYA PRADESH","KHANDWA","KHANDWA",0,1,0,0,1
"MADHYA PRADESH","KHANDWA","PANDHANA",0,0,0,0,0
"MADHYA PRADESH","KHANDWA","PUNASA",NA,NA,NA,NA,NA
"MADHYA PRADESH","KHARGONE","BADWAH",0,0,0,0,0
"MADHYA PRADESH","KHARGONE","BADWANI",0,0,0,0,0
"MADHYA PRADESH","KHARGONE","BHAGWANPURA",NA,NA,NA,NA,NA
"MADHYA PRADESH","KHARGONE","BHEEKANGAON",0,0,0,0,0
"MADHYA PRADESH","KHARGONE","GOGAWAN",0,0,0,0,0
"MADHYA PRADESH","KHARGONE","JHIRANYA",NA,NA,NA,NA,NA
"MADHYA PRADESH","KHARGONE","KASRAWAD",0,0,0,0,0
"MADHYA PRADESH","KHARGONE","KHARGONE",0,0,0,0,0
"MADHYA PRADESH","KHARGONE","MAHESHWAR",43,11,0,0,54
"MADHYA PRADESH","KHARGONE","NIWALI",0,0,0,0,0
"MADHYA PRADESH","KHARGONE","PANSEMAL",0,0,0,0,0
"MADHYA PRADESH","KHARGONE","PATEE",NA,NA,NA,NA,NA
"MADHYA PRADESH","KHARGONE","RAJPUR",0,0,0,0,0
"MADHYA PRADESH","KHARGONE","SEGAON",0,0,0,0,0
"MADHYA PRADESH","KHARGONE","SENDHWA",NA,NA,NA,NA,NA
"MADHYA PRADESH","KHARGONE","THIKARI",0,0,0,0,0
"MADHYA PRADESH","MANDLA","AMARPUR",NA,NA,NA,NA,NA
"MADHYA PRADESH","MANDLA","BAJANG",NA,NA,NA,NA,NA
"MADHYA PRADESH","MANDLA","BEEJADANDI",NA,NA,NA,NA,NA
"MADHYA PRADESH","MANDLA","BICHHIYA",NA,NA,NA,NA,NA
"MADHYA PRADESH","MANDLA","DINDORI",NA,NA,NA,NA,NA
"MADHYA PRADESH","MANDLA","GHUGHARI",NA,NA,NA,NA,NA
"MADHYA PRADESH","MANDLA","KARANJIYA",NA,NA,NA,NA,NA
"MADHYA PRADESH","MANDLA","MANDLA",0,0,0,0,0
"MADHYA PRADESH","MANDLA","MAWAI",NA,NA,NA,NA,NA
"MADHYA PRADESH","MANDLA","MEHADWANI",NA,NA,NA,NA,NA
"MADHYA PRADESH","MANDLA","MOHGAON",NA,NA,NA,NA,NA
"MADHYA PRADESH","MANDLA","MOWAS",NA,NA,NA,NA,NA
"MADHYA PRADESH","MANDLA","NAINPUR",NA,NA,NA,NA,NA
"MADHYA PRADESH","MANDLA","NARAYANGANJ",NA,NA,NA,NA,NA
"MADHYA PRADESH","MANDLA","SAMNAPUR",NA,NA,NA,NA,NA
"MADHYA PRADESH","MANDLA","SHAHPURA",NA,NA,NA,NA,NA
"MADHYA PRADESH","MANDSAUR","BHANPURA",NA,NA,NA,NA,NA
"MADHYA PRADESH","MANDSAUR","GAROTH",NA,NA,NA,NA,NA
"MADHYA PRADESH","MANDSAUR","JAWAD",0,0,0,0,0
"MADHYA PRADESH","MANDSAUR","MALHARGARH",0,0,0,0,0
"MADHYA PRADESH","MANDSAUR","MANASA",0,0,0,0,0
"MADHYA PRADESH","MANDSAUR","MANDSAUR",0,2,0,0,2
"MADHYA PRADESH","MANDSAUR","NEEMACH",0,0,0,0,0
"MADHYA PRADESH","MANDSAUR","SITAMAU",0,0,0,0,0
"MADHYA PRADESH","MORENA","AMBAH",0,0,0,0,0
"MADHYA PRADESH","MORENA","JAURA",NA,NA,NA,NA,NA
"MADHYA PRADESH","MORENA","KAILARAS",0,0,0,0,0
"MADHYA PRADESH","MORENA","KARAHAL",0,0,0,0,0
"MADHYA PRADESH","MORENA","MORENA",0,0,0,0,0
"MADHYA PRADESH","MORENA","PAHARGARH",NA,NA,NA,NA,NA
"MADHYA PRADESH","MORENA","PAROSA",NA,NA,NA,NA,NA
"MADHYA PRADESH","MORENA","SABALGARH",NA,NA,NA,NA,NA
"MADHYA PRADESH","MORENA","SHEOPUR KALAN",0,0,0,0,0
"MADHYA PRADESH","MORENA","VIJAIPUR",0,0,0,0,0
"MADHYA PRADESH","NARSIMHAPUR","BABAICHICHALI",0,0,0,0,0
"MADHYA PRADESH","NARSIMHAPUR","CHANWARPATHA",0,0,0,0,0
"MADHYA PRADESH","NARSIMHAPUR","GOTEGAON",0,0,0,0,0
"MADHYA PRADESH","NARSIMHAPUR","KARELI",0,0,0,0,0
"MADHYA PRADESH","NARSIMHAPUR","NARSINGHPUR",0,0,0,0,0
"MADHYA PRADESH","NARSIMHAPUR","SAINKHEDA",0,0,0,0,0
"MADHYA PRADESH","PANNA","AJAIGARH",NA,NA,NA,NA,NA
"MADHYA PRADESH","PANNA","GUNNAUR",0,0,0,0,0
"MADHYA PRADESH","PANNA","PANNA",0,0,0,0,0
"MADHYA PRADESH","PANNA","PAWAI",NA,NA,NA,NA,NA
"MADHYA PRADESH","PANNA","SHAHNAGAR",0,0,0,0,0
"MADHYA PRADESH","RAIGARH","BAGEECHA",0,0,0,0,0
"MADHYA PRADESH","RAIGARH","CHARGHODA",NA,NA,NA,NA,NA
"MADHYA PRADESH","RAIGARH","DHARAMJAIGARH",0,0,0,0,0
"MADHYA PRADESH","RAIGARH","DULDHLA",NA,NA,NA,NA,NA
"MADHYA PRADESH","RAIGARH","JASHPURNAGAR",NA,NA,NA,NA,NA
"MADHYA PRADESH","RAIGARH","KANSABEL",NA,NA,NA,NA,NA
"MADHYA PRADESH","RAIGARH","KHARASIYA",0,0,0,0,0
"MADHYA PRADESH","RAIGARH","KUNKURI",0,0,0,0,0
"MADHYA PRADESH","RAIGARH","LALLUNGA",NA,NA,NA,NA,NA
"MADHYA PRADESH","RAIGARH","NANORA",NA,NA,NA,NA,NA
"MADHYA PRADESH","RAIGARH","PATTHALGAON",NA,NA,NA,NA,NA
"MADHYA PRADESH","RAIGARH","PUSAUR",1,46,0,0,47
"MADHYA PRADESH","RAIGARH","RAIGARH",NA,NA,NA,NA,NA
"MADHYA PRADESH","RAIGARH","SARANGARH",0,0,0,0,0
"MADHYA PRADESH","RAIGARH","SARIYALENDHA",0,0,0,0,0
"MADHYA PRADESH","RAIGARH","TAMNAR",0,0,0,0,0
"MADHYA PRADESH","RAIGARH","TAPKARA",NA,NA,NA,NA,NA
"MADHYA PRADESH","RAIPUR","ABHANPUR",2,0,0,0,2
"MADHYA PRADESH","RAIPUR","BAGBAHRA",0,0,0,0,0
"MADHYA PRADESH","RAIPUR","BASNA",NA,NA,NA,NA,NA
"MADHYA PRADESH","RAIPUR","BHATAPARA",0,0,0,0,0
"MADHYA PRADESH","RAIPUR","BILAIGARH",NA,NA,NA,NA,NA
"MADHYA PRADESH","RAIPUR","CHANDKHURAI(ARANG)",2,3,2,0,7
"MADHYA PRADESH","RAIPUR","CHHURA",NA,NA,NA,NA,NA
"MADHYA PRADESH","RAIPUR","DEOBHOG",NA,NA,NA,NA,NA
"MADHYA PRADESH","RAIPUR","DHAMTARI",68,0,0,0,68
"MADHYA PRADESH","RAIPUR","GARIYABAND",NA,NA,NA,NA,NA
"MADHYA PRADESH","RAIPUR","KASDOL",NA,NA,NA,NA,NA
"MADHYA PRADESH","RAIPUR","KURUD",6,6,0,0,12
"MADHYA PRADESH","RAIPUR","MAGARLOD",NA,NA,NA,NA,NA
"MADHYA PRADESH","RAIPUR","MAHASAMUND",NA,NA,NA,NA,NA
"MADHYA PRADESH","RAIPUR","MAINPUR",NA,NA,NA,NA,NA
"MADHYA PRADESH","RAIPUR","PALARI",NA,NA,NA,NA,NA
"MADHYA PRADESH","RAIPUR","PALARI(BALODABAZAR)",NA,NA,NA,NA,NA
"MADHYA PRADESH","RAIPUR","PITHORA",0,0,0,0,0
"MADHYA PRADESH","RAIPUR","RAIPUR(DHARSIWA)",0,0,0,0,0
"MADHYA PRADESH","RAIPUR","RAJIM",NA,NA,NA,NA,NA
"MADHYA PRADESH","RAIPUR","SARAIPALI",NA,NA,NA,NA,NA
"MADHYA PRADESH","RAIPUR","SIHAWA",0,0,0,0,0
"MADHYA PRADESH","RAIPUR","SIMGA",0,0,0,0,0
"MADHYA PRADESH","RAIPUR","TILDA",0,0,0,0,0
"MADHYA PRADESH","RAISEN","BARELI",0,0,0,0,0
"MADHYA PRADESH","RAISEN","BEGAMGANJ",0,0,0,0,0
"MADHYA PRADESH","RAISEN","GAIRATGANJ",NA,NA,NA,NA,NA
"MADHYA PRADESH","RAISEN","OBEDULLAHGANJ",0,0,0,0,0
"MADHYA PRADESH","RAISEN","SANCHI",0,0,0,0,0
"MADHYA PRADESH","RAISEN","SILWANI",NA,NA,NA,NA,NA
"MADHYA PRADESH","RAISEN","UDAIPURA",NA,NA,NA,NA,NA
"MADHYA PRADESH","RAJGARH","BIAORA",0,0,0,0,0
"MADHYA PRADESH","RAJGARH","JEERAPUR",0,0,0,0,0
"MADHYA PRADESH","RAJGARH","KHILCHIPUR",0,0,0,0,0
"MADHYA PRADESH","RAJGARH","NARASINGHGARH",0,0,0,0,0
"MADHYA PRADESH","RAJGARH","PACHAUR (SARANGPUR)",0,0,0,0,0
"MADHYA PRADESH","RAJGARH","RAJGARH",NA,NA,NA,NA,NA
"MADHYA PRADESH","RAJNANDGAON","BODLA",NA,NA,NA,NA,NA
"MADHYA PRADESH","RAJNANDGAON","CHAUKI",NA,NA,NA,NA,NA
"MADHYA PRADESH","RAJNANDGAON","CHHUIKHANDAN",NA,NA,NA,NA,NA
"MADHYA PRADESH","RAJNANDGAON","CHHURIA",NA,NA,NA,NA,NA
"MADHYA PRADESH","RAJNANDGAON","DOMGARGARH",NA,NA,NA,NA,NA
"MADHYA PRADESH","RAJNANDGAON","DONGARGAON",0,0,0,0,0
"MADHYA PRADESH","RAJNANDGAON","KAWARDHA",NA,NA,NA,NA,NA
"MADHYA PRADESH","RAJNANDGAON","KHALRAGARH",0,0,0,0,0
"MADHYA PRADESH","RAJNANDGAON","MANPUR",NA,NA,NA,NA,NA
"MADHYA PRADESH","RAJNANDGAON","MOHLA",NA,NA,NA,NA,NA
"MADHYA PRADESH","RAJNANDGAON","RAJNANDGAON",0,0,0,0,0
"MADHYA PRADESH","RAJNANDGAON","SAHASPURLOHARA",0,0,0,0,0
"MADHYA PRADESH","RATLAM","ALOT",0,0,0,0,0
"MADHYA PRADESH","RATLAM","BAJNA",0,0,0,0,0
"MADHYA PRADESH","RATLAM","JAWRA",0,0,4,2,6
"MADHYA PRADESH","RATLAM","PIPLODA",0,0,0,0,0
"MADHYA PRADESH","RATLAM","RATLAM",9,2,0,0,11
"MADHYA PRADESH","RATLAM","SAILANA",0,0,0,0,0
"MADHYA PRADESH","REWA","GANGEO",0,0,0,0,0
"MADHYA PRADESH","REWA","HANUMANA",NA,NA,NA,NA,NA
"MADHYA PRADESH","REWA","JAWA",NA,NA,NA,NA,NA
"MADHYA PRADESH","REWA","MAUGANJ",0,0,0,0,0
"MADHYA PRADESH","REWA","NAIGARHI",0,0,0,0,0
"MADHYA PRADESH","REWA","RAIPUR",0,0,0,0,0
"MADHYA PRADESH","REWA","REWA",0,0,0,0,0
"MADHYA PRADESH","REWA","SIRMAUR",0,0,0,0,0
"MADHYA PRADESH","REWA","TYONTHAR",NA,NA,NA,NA,NA
"MADHYA PRADESH","SAGAR","BANDA",0,0,0,0,0
"MADHYA PRADESH","SAGAR","BEENA",NA,NA,NA,NA,NA
"MADHYA PRADESH","SAGAR","DEORI",0,0,0,0,0
"MADHYA PRADESH","SAGAR","JAISINAGAR",0,0,0,0,0
"MADHYA PRADESH","SAGAR","KESALI",0,0,0,0,0
"MADHYA PRADESH","SAGAR","KHURAI",0,0,0,0,0
"MADHYA PRADESH","SAGAR","MALTHON",0,0,0,0,0
"MADHYA PRADESH","SAGAR","RAHATGARH",0,0,0,0,0
"MADHYA PRADESH","SAGAR","REHALI",0,0,0,0,0
"MADHYA PRADESH","SAGAR","SAGAR",0,0,0,0,0
"MADHYA PRADESH","SAGAR","SHAHGARH",0,0,0,0,0
"MADHYA PRADESH","SATNA","AMARPATAN",0,0,0,0,0
"MADHYA PRADESH","SATNA","CHITRAKOOT",0,14,0,0,14
"MADHYA PRADESH","SATNA","MAIHAR",0,0,0,0,0
"MADHYA PRADESH","SATNA","NAGOD",0,10,0,0,10
"MADHYA PRADESH","SATNA","RAMNAGAR",0,0,0,0,0
"MADHYA PRADESH","SATNA","RAMPUR",0,0,0,4,4
"MADHYA PRADESH","SATNA","SATNA",0,0,0,0,0
"MADHYA PRADESH","SATNA","UNCHEHARA",0,0,0,0,0
"MADHYA PRADESH","SEHORE","AASHTA",NA,NA,NA,NA,NA
"MADHYA PRADESH","SEHORE","BUDANI",0,6,0,0,6
"MADHYA PRADESH","SEHORE","ICHHAWER",NA,NA,NA,NA,NA
"MADHYA PRADESH","SEHORE","NASRULLAHGANJ",NA,NA,NA,NA,NA
"MADHYA PRADESH","SEHORE","SIHORE",0,0,0,0,0
"MADHYA PRADESH","SEONI","BARGHAT",NA,NA,NA,NA,NA
"MADHYA PRADESH","SEONI","CHHAPARA",NA,NA,NA,NA,NA
"MADHYA PRADESH","SEONI","DHANORA",NA,NA,NA,NA,NA
"MADHYA PRADESH","SEONI","KAHANAPUS",0,0,0,0,0
"MADHYA PRADESH","SEONI","KEOLARI",0,2,0,0,2
"MADHYA PRADESH","SEONI","KURAI",0,0,0,0,0
"MADHYA PRADESH","SEONI","LAKHNADAUN",0,0,0,0,0
"MADHYA PRADESH","SEONI","SEONI",0,0,0,0,0
"MADHYA PRADESH","SHAHDOL","ANUPPUR",NA,NA,NA,NA,NA
"MADHYA PRADESH","SHAHDOL","BUDHAR",0,0,0,0,0
"MADHYA PRADESH","SHAHDOL","BYOHARI",0,0,0,0,0
"MADHYA PRADESH","SHAHDOL","JAISINGHNAGAR",NA,NA,NA,NA,NA
"MADHYA PRADESH","SHAHDOL","JAITAHARI",0,0,0,0,0
"MADHYA PRADESH","SHAHDOL","KOTAMA",NA,NA,NA,NA,NA
"MADHYA PRADESH","SHAHDOL","MANPUR",0,0,0,0,0
"MADHYA PRADESH","SHAHDOL","PALEE-1",NA,NA,NA,NA,NA
"MADHYA PRADESH","SHAHDOL","PALEE-2",0,0,0,0,0
"MADHYA PRADESH","SHAHDOL","PUSHPRAJGARH",NA,NA,NA,NA,NA
"MADHYA PRADESH","SHAHDOL","SOHAGPUR",0,0,0,0,0
"MADHYA PRADESH","SHAHDOL","UMARIYA",0,0,0,0,0
"MADHYA PRADESH","SHAJAPUR","AGAR",NA,NA,NA,NA,NA
"MADHYA PRADESH","SHAJAPUR","BAROD",0,0,0,0,0
"MADHYA PRADESH","SHAJAPUR","KALAPIPALMANDI",0,0,0,0,0
"MADHYA PRADESH","SHAJAPUR","MOMANBARODIYA",0,0,0,0,0
"MADHYA PRADESH","SHAJAPUR","NALKHEDA",NA,NA,NA,NA,NA
"MADHYA PRADESH","SHAJAPUR","SHAJAPUR",0,0,0,0,0
"MADHYA PRADESH","SHAJAPUR","SUJALPUR",0,0,0,0,0
"MADHYA PRADESH","SHAJAPUR","SUSNER",NA,NA,NA,NA,NA
"MADHYA PRADESH","SHIVPURI","BADARWAS",0,4,0,0,4
"MADHYA PRADESH","SHIVPURI","KARERA",NA,NA,NA,NA,NA
"MADHYA PRADESH","SHIVPURI","KHANIYADHANA",NA,NA,NA,NA,NA
"MADHYA PRADESH","SHIVPURI","KOLARAS",0,0,0,0,0
"MADHYA PRADESH","SHIVPURI","NARWAR",NA,NA,NA,NA,NA
"MADHYA PRADESH","SHIVPURI","PICHHORE",NA,NA,NA,NA,NA
"MADHYA PRADESH","SHIVPURI","POHARI",NA,NA,NA,NA,NA
"MADHYA PRADESH","SHIVPURI","SHIVPURI",0,0,0,0,0
"MADHYA PRADESH","SIDHI","BAIDHAN",0,0,0,0,0
"MADHYA PRADESH","SIDHI","CHITRANGI",0,0,0,0,0
"MADHYA PRADESH","SIDHI","DEOSAR",0,0,0,0,0
"MADHYA PRADESH","SIDHI","KUSAMI",NA,NA,NA,NA,NA
"MADHYA PRADESH","SIDHI","MAJHAULI",NA,NA,NA,NA,NA
"MADHYA PRADESH","SIDHI","RAMPURNEKIN",0,0,0,0,0
"MADHYA PRADESH","SIDHI","SIDHI",NA,NA,NA,NA,NA
"MADHYA PRADESH","SIDHI","SIHAWAL",NA,NA,NA,NA,NA
"MADHYA PRADESH","SURGUJA","AMBIKAPUR",NA,NA,NA,NA,NA
"MADHYA PRADESH","SURGUJA","BADRAFNAGAR",NA,NA,NA,NA,NA
"MADHYA PRADESH","SURGUJA","BAIKUNTHPUR",NA,NA,NA,NA,NA
"MADHYA PRADESH","SURGUJA","BALRAMPUR",NA,NA,NA,NA,NA
"MADHYA PRADESH","SURGUJA","BATOLI",NA,NA,NA,NA,NA
"MADHYA PRADESH","SURGUJA","BHAIYATHAN",NA,NA,NA,NA,NA
"MADHYA PRADESH","SURGUJA","BHARATPUR",0,0,0,0,0
"MADHYA PRADESH","SURGUJA","KHARGAWAN",NA,NA,NA,NA,NA
"MADHYA PRADESH","SURGUJA","KUSAMI",0,3,0,0,3
"MADHYA PRADESH","SURGUJA","LAKHANPUR",NA,NA,NA,NA,NA
"MADHYA PRADESH","SURGUJA","LUNDRA",NA,NA,NA,NA,NA
"MADHYA PRADESH","SURGUJA","MAINPAT",0,0,0,0,0
"MADHYA PRADESH","SURGUJA","MANENDRAGARH",0,0,0,0,0
"MADHYA PRADESH","SURGUJA","ODAGI",NA,NA,NA,NA,NA
"MADHYA PRADESH","SURGUJA","PRATAPPUR",0,0,0,0,0
"MADHYA PRADESH","SURGUJA","PREMNAGAR",NA,NA,NA,NA,NA
"MADHYA PRADESH","SURGUJA","RAJPUR",NA,NA,NA,NA,NA
"MADHYA PRADESH","SURGUJA","RAMANUJNAGAR",NA,NA,NA,NA,NA
"MADHYA PRADESH","SURGUJA","RAMCHANDRAPUR",NA,NA,NA,NA,NA
"MADHYA PRADESH","SURGUJA","SHANKARGARH",NA,NA,NA,NA,NA
"MADHYA PRADESH","SURGUJA","SITAPUR",NA,NA,NA,NA,NA
"MADHYA PRADESH","SURGUJA","SONHAT",NA,NA,NA,NA,NA
"MADHYA PRADESH","SURGUJA","SURAJPUR",0,0,0,0,0
"MADHYA PRADESH","SURGUJA","UDAYPUR",0,1,0,0,1
"MADHYA PRADESH","TIKAMGARH","BALDEOGARH",0,0,0,0,0
"MADHYA PRADESH","TIKAMGARH","JATARA",0,10,0,0,10
"MADHYA PRADESH","TIKAMGARH","NIWARI",0,0,0,0,0
"MADHYA PRADESH","TIKAMGARH","PALERA",NA,NA,NA,NA,NA
"MADHYA PRADESH","TIKAMGARH","PRITHWIPUR",NA,NA,NA,NA,NA
"MADHYA PRADESH","TIKAMGARH","TIKAMGARH",NA,NA,NA,NA,NA
"MADHYA PRADESH","UJJAIN","BADNAGAR",0,0,0,0,0
"MADHYA PRADESH","UJJAIN","GHATIYA",0,0,0,0,0
"MADHYA PRADESH","UJJAIN","KHACHRAUD",0,0,0,0,0
"MADHYA PRADESH","UJJAIN","MAHIDPUR",0,0,0,0,0
"MADHYA PRADESH","UJJAIN","TARANA",0,0,0,0,0
"MADHYA PRADESH","UJJAIN","UJJAIN",0,0,0,0,0
"MADHYA PRADESH","VIDISHA","BASODA",0,0,0,0,0
"MADHYA PRADESH","VIDISHA","GYARASPUR",NA,NA,NA,NA,NA
"MADHYA PRADESH","VIDISHA","KURWAI",0,0,0,0,0
"MADHYA PRADESH","VIDISHA","LATERI",0,0,0,0,0
"MADHYA PRADESH","VIDISHA","NATERAN",0,26,1,0,27
"MADHYA PRADESH","VIDISHA","SIRONJ",NA,NA,NA,NA,NA
"MADHYA PRADESH","VIDISHA","VIDISHA",0,0,0,0,0
"MAHARASHTRA","","",NA,NA,NA,NA,NA
"MANIPUR","BISHNUPUR","BISHNUPUR",NA,NA,NA,NA,NA
"MANIPUR","BISHNUPUR","MOIRANG",NA,NA,NA,NA,NA
"MANIPUR","CHANDEL","CHAKPIKARONG",NA,NA,NA,NA,NA
"MANIPUR","CHANDEL","CHANDEL",NA,NA,NA,NA,NA
"MANIPUR","CHURACHANDPUR","CHURACHANDPUR",NA,NA,NA,NA,NA
"MANIPUR","CHURACHANDPUR","HENGLEP",NA,NA,NA,NA,NA
"MANIPUR","CHURACHANDPUR","SINGHAT",NA,NA,NA,NA,NA
"MANIPUR","CHURACHANDPUR","THANGLON",NA,NA,NA,NA,NA
"MANIPUR","IMPHAL","HAORANGSABAL(I-W)",NA,NA,NA,NA,NA
"MANIPUR","IMPHAL","IRILBUNG(IMPHAL-E)",NA,NA,NA,NA,NA
"MANIPUR","IMPHAL","SWOMBUNG(IMPHAL-E)",NA,NA,NA,NA,NA
"MANIPUR","IMPHAL","WAQNGOI(I-W)",NA,NA,NA,NA,NA
"MANIPUR","SENAPATI","KANGPOKPI",NA,NA,NA,NA,NA
"MANIPUR","SENAPATI","PAOMATA",NA,NA,NA,NA,NA
"MANIPUR","SENAPATI","PURUL",NA,NA,NA,NA,NA
"MANIPUR","SENAPATI","SAIKHUL",NA,NA,NA,NA,NA
"MANIPUR","SENAPATI","TADUBI",NA,NA,NA,NA,NA
"MANIPUR","TAMENGLONG","NUNGBA",NA,NA,NA,NA,NA
"MANIPUR","TAMENGLONG","TAMEI",NA,NA,NA,NA,NA
"MANIPUR","TAMENGLONG","TAMENGLONG",NA,NA,NA,NA,NA
"MANIPUR","THOUBAL","KAKCHING",NA,NA,NA,NA,NA
"MANIPUR","THOUBAL","THOUBAL",NA,NA,NA,NA,NA
"MANIPUR","UKHRUL","CHINGAI",NA,NA,NA,NA,NA
"MANIPUR","UKHRUL","KAMJONG",NA,NA,NA,NA,NA
"MANIPUR","UKHRUL","PHUNGYAR",NA,NA,NA,NA,NA
"MANIPUR","UKHRUL","UKHRUL",NA,NA,NA,NA,NA
"MEGHALAYA","EAST GARO HILLS","DAMBO RONGJENG",NA,NA,NA,NA,NA
"MEGHALAYA","EAST GARO HILLS","RESU-BELPARA",0,0,0,0,0
"MEGHALAYA","EAST GARO HILLS","SAMANDA.",NA,NA,NA,NA,NA
"MEGHALAYA","EAST GARO HILLS","SONGSAK",NA,NA,NA,NA,NA
"MEGHALAYA","EAST KHASI HILLS","MAWKYNREW",NA,NA,NA,NA,NA
"MEGHALAYA","EAST KHASI HILLS","MAWPHLANG",NA,NA,NA,NA,NA
"MEGHALAYA","EAST KHASI HILLS","MAWRYNGKNENG",NA,NA,NA,NA,NA
"MEGHALAYA","EAST KHASI HILLS","MAWSYNRAM",NA,NA,NA,NA,NA
"MEGHALAYA","EAST KHASI HILLS","MYLLIEM",NA,NA,NA,NA,NA
"MEGHALAYA","EAST KHASI HILLS","PYNURSLA",NA,NA,NA,NA,NA
"MEGHALAYA","EAST KHASI HILLS","SHELLA BHOLAGANGH",NA,NA,NA,NA,NA
"MEGHALAYA","JAINTIA HILLS","AMLAREM",NA,NA,NA,NA,NA
"MEGHALAYA","JAINTIA HILLS","KHLIEHRIAT",NA,NA,NA,NA,NA
"MEGHALAYA","JAINTIA HILLS","LASKEIN",NA,NA,NA,NA,NA
"MEGHALAYA","JAINTIA HILLS","THADLASKEIN",NA,NA,NA,NA,NA
"MEGHALAYA","RI BHOI DISTRICT","UMLING  C&D BLOCK",NA,NA,NA,NA,NA
"MEGHALAYA","RI BHOI DISTRICT","UMSNING C&D BLOCK",NA,NA,NA,NA,NA
"MEGHALAYA","SOUTH GARO HILLS","BAGHMARA",NA,NA,NA,NA,NA
"MEGHALAYA","SOUTH GARO HILLS","CHOKPOT",NA,NA,NA,NA,NA
"MEGHALAYA","SOUTH GARO HILLS","RONGRA",NA,NA,NA,NA,NA
"MEGHALAYA","WEST GARO HILLS","BETASING",0,0,0,0,0
"MEGHALAYA","WEST GARO HILLS","DADENGGIRI",NA,NA,NA,NA,NA
"MEGHALAYA","WEST GARO HILLS","DALUS",NA,NA,NA,NA,NA
"MEGHALAYA","WEST GARO HILLS","RONGRAM",NA,NA,NA,NA,NA
"MEGHALAYA","WEST GARO HILLS","SELSELLA",0,0,0,0,0
"MEGHALAYA","WEST GARO HILLS","TIKKIRKILLA",0,0,0,0,0
"MEGHALAYA","WEST GARO HILLS","ZIKZAK",3,0,1,0,4
"MEGHALAYA","WEST KHASI HILLS","MAIRANG",NA,NA,NA,NA,NA
"MEGHALAYA","WEST KHASI HILLS","MAWKYRWAT",NA,NA,NA,NA,NA
"MEGHALAYA","WEST KHASI HILLS","MAWSHYNRUT",NA,NA,NA,NA,NA
"MEGHALAYA","WEST KHASI HILLS","NONGSTOIN",NA,NA,NA,NA,NA
"MEGHALAYA","WEST KHASI HILLS","RANIKOR",NA,NA,NA,NA,NA
"MIZORAM","AIZAWL","AIBAWK",NA,NA,NA,NA,NA
"MIZORAM","AIZAWL","DARLAWN",NA,NA,NA,NA,NA
"MIZORAM","AIZAWL","KHAWZAWL",NA,NA,NA,NA,NA
"MIZORAM","AIZAWL","LUNGDAR 'E'",NA,NA,NA,NA,NA
"MIZORAM","AIZAWL","NGOPA",NA,NA,NA,NA,NA
"MIZORAM","AIZAWL","PHAILENG 'W'",NA,NA,NA,NA,NA
"MIZORAM","AIZAWL","REIEK",NA,NA,NA,NA,NA
"MIZORAM","AIZAWL","SERCHHIP",NA,NA,NA,NA,NA
"MIZORAM","AIZAWL","THINGDAWL",NA,NA,NA,NA,NA
"MIZORAM","AIZAWL","THINGSULTHLIAH",NA,NA,NA,NA,NA
"MIZORAM","AIZAWL","TLANGNUAM",NA,NA,NA,NA,NA
"MIZORAM","AIZAWL","ZAWLNUAM",NA,NA,NA,NA,NA
"MIZORAM","CHHIMTUIPUI","CHAWNGTE",NA,NA,NA,NA,NA
"MIZORAM","CHHIMTUIPUI","LAWNGTLAI",NA,NA,NA,NA,NA
"MIZORAM","CHHIMTUIPUI","SANGAU",NA,NA,NA,NA,NA
"MIZORAM","CHHIMTUIPUI","TUIPANG",NA,NA,NA,NA,NA
"MIZORAM","LUNGLEI","BUNGHMUN",NA,NA,NA,NA,NA
"MIZORAM","LUNGLEI","HNAHTHIAL",NA,NA,NA,NA,NA
"MIZORAM","LUNGLEI","LUNGLEI",NA,NA,NA,NA,NA
"MIZORAM","LUNGLEI","LUNGSEN",NA,NA,NA,NA,NA
"MIZORAM","LUNGLEI","VILL1",NA,NA,NA,NA,NA
"NAGALAND","KOHIMA","JALUKIE",NA,NA,NA,NA,NA
"NAGALAND","KOHIMA","KOHIMA",NA,NA,NA,NA,NA
"NAGALAND","KOHIMA","KUHUBOTO",NA,NA,NA,NA,NA
"NAGALAND","KOHIMA","MEDZIPHEMA",0,0,0,0,0
"NAGALAND","KOHIMA","TSEMINYU",NA,NA,NA,NA,NA
"NAGALAND","MOKOKCHUNG","CHANGTONGYA",NA,NA,NA,NA,NA
"NAGALAND","MOKOKCHUNG","MANGOLEMBA",NA,NA,NA,NA,NA
"NAGALAND","MOKOKCHUNG","ONGPANGKONG",NA,NA,NA,NA,NA
"NAGALAND","MON","CHEN",NA,NA,NA,NA,NA
"NAGALAND","MON","MON",NA,NA,NA,NA,NA
"NAGALAND","MON","TOBU",NA,NA,NA,NA,NA
"NAGALAND","MON","WAKCHING",NA,NA,NA,NA,NA
"NAGALAND","PHEK","KIKRUMA",NA,NA,NA,NA,NA
"NAGALAND","PHEK","MELURI",NA,NA,NA,NA,NA
"NAGALAND","PHEK","PHEK",NA,NA,NA,NA,NA
"NAGALAND","TUENSANG","KIPHIRE",NA,NA,NA,NA,NA
"NAGALAND","TUENSANG","LONGKHIM",NA,NA,NA,NA,NA
"NAGALAND","TUENSANG","LONGLENG",NA,NA,NA,NA,NA
"NAGALAND","TUENSANG","NOKLAK",NA,NA,NA,NA,NA
"NAGALAND","TUENSANG","SANGSANGYU",NA,NA,NA,NA,NA
"NAGALAND","TUENSANG","SHAMATOR",NA,NA,NA,NA,NA
"NAGALAND","TUENSANG","SITIMI",NA,NA,NA,NA,NA
"NAGALAND","WOKHA","BAGHTY",NA,NA,NA,NA,NA
"NAGALAND","WOKHA","WOKHA",NA,NA,NA,NA,NA
"NAGALAND","ZUNHEBOTO","AKULUTO",NA,NA,NA,NA,NA
"NAGALAND","ZUNHEBOTO","GHATASHI",NA,NA,NA,NA,NA
"NAGALAND","ZUNHEBOTO","TOKIYE",NA,NA,NA,NA,NA
"NAGALAND","ZUNHEBOTO","ZUNHEBOTO",NA,NA,NA,NA,NA
"ORISSA","ANGUL","ANUGUL",NA,NA,NA,NA,NA
"ORISSA","ANGUL","ATHAMALLICK",NA,NA,NA,NA,NA
"ORISSA","ANGUL","BANANPULA",NA,NA,NA,NA,NA
"ORISSA","ANGUL","CHHENDIAPADA",NA,NA,NA,NA,NA
"ORISSA","ANGUL","KANIHA",NA,NA,NA,NA,NA
"ORISSA","ANGUL","KISONAGAR",NA,NA,NA,NA,NA
"ORISSA","ANGUL","PALALAHARA",NA,NA,NA,NA,NA
"ORISSA","ANGUL","TALCHER",NA,NA,NA,NA,NA
"ORISSA","BALASORE","BAHANAGA",0,0,0,0,0
"ORISSA","BALASORE","BALASORE",0,0,0,0,0
"ORISSA","BALASORE","BALIPAL",0,0,0,0,0
"ORISSA","BALASORE","BASTA",0,0,0,0,0
"ORISSA","BALASORE","BHOGARAI",0,0,0,0,0
"ORISSA","BALASORE","JALESWAR",0,0,0,0,0
"ORISSA","BALASORE","JILGIRI",0,0,0,0,0
"ORISSA","BALASORE","KHAIRA",0,0,0,0,0
"ORISSA","BALASORE","OUPADA",0,0,0,0,0
"ORISSA","BALASORE","REMUNA",0,0,0,0,0
"ORISSA","BALASORE","SIMULIA",0,0,0,0,0
"ORISSA","BALASORE","SORO",0,0,0,0,0
"ORISSA","BARAGARH","AMBABHANA",NA,NA,NA,NA,NA
"ORISSA","BARAGARH","ATABIRA",NA,NA,NA,NA,NA
"ORISSA","BARAGARH","BARAGARH",0,0,0,0,0
"ORISSA","BARAGARH","BARAPALI",NA,NA,NA,NA,NA
"ORISSA","BARAGARH","BHATALI",0,0,0,0,0
"ORISSA","BARAGARH","BHENDENI",NA,NA,NA,NA,NA
"ORISSA","BARAGARH","BIJEPUR",NA,NA,NA,NA,NA
"ORISSA","BARAGARH","GAISILAT",NA,NA,NA,NA,NA
"ORISSA","BARAGARH","JHARABANDHA",0,0,0,0,0
"ORISSA","BARAGARH","PADMAPUR",NA,NA,NA,NA,NA
"ORISSA","BARAGARH","PAIKMAL",NA,NA,NA,NA,NA
"ORISSA","BARAGARH","SOHELA",0,0,0,0,0
"ORISSA","BHADRAK","BASUDEVPUR",2,0,0,0,2
"ORISSA","BHADRAK","BHADRAK",0,0,0,0,0
"ORISSA","BHADRAK","BHANDARIPOKHARI",156,12,0,0,168
"ORISSA","BHADRAK","BONTH",0,0,0,0,0
"ORISSA","BHADRAK","CHANDABALI",0,0,0,0,0
"ORISSA","BHADRAK","DHAMANAGAR",49,0,0,0,49
"ORISSA","BHADRAK","TIHIDI",0,0,0,0,0
"ORISSA","BOLANGIR","AGALPUR",NA,NA,NA,NA,NA
"ORISSA","BOLANGIR","BALANGIR",0,0,0,0,0
"ORISSA","BOLANGIR","BELPARA",NA,NA,NA,NA,NA
"ORISSA","BOLANGIR","BONGOMUNDA",NA,NA,NA,NA,NA
"ORISSA","BOLANGIR","DEOGAN",0,0,0,0,0
"ORISSA","BOLANGIR","KHAPRA KHOL",NA,NA,NA,NA,NA
"ORISSA","BOLANGIR","LOUSINGHA",NA,NA,NA,NA,NA
"ORISSA","BOLANGIR","MURIBAHAL",NA,NA,NA,NA,NA
"ORISSA","BOLANGIR","PATANAGARH",NA,NA,NA,NA,NA
"ORISSA","BOLANGIR","PUINTALA",NA,NA,NA,NA,NA
"ORISSA","BOLANGIR","SAINTALA",NA,NA,NA,NA,NA
"ORISSA","BOLANGIR","TENTULIKHUNTI",NA,NA,NA,NA,NA
"ORISSA","BOLANGIR","TITILAGARH",NA,NA,NA,NA,NA
"ORISSA","BOLANGIR","TUREKELA",NA,NA,NA,NA,NA
"ORISSA","BOUDH","BOUDH",0,0,0,0,0
"ORISSA","BOUDH","GHARABHANGA",NA,NA,NA,NA,NA
"ORISSA","BOUDH","KANTAMAL",NA,NA,NA,NA,NA
"ORISSA","CUTTACK","ATHGARH",NA,NA,NA,NA,NA
"ORISSA","CUTTACK","BANKI",NA,NA,NA,NA,NA
"ORISSA","CUTTACK","BARANGA",NA,NA,NA,NA,NA
"ORISSA","CUTTACK","BARMBA",0,0,0,0,0
"ORISSA","CUTTACK","CUTTACK(SADAR)",0,0,0,0,0
"ORISSA","CUTTACK","DOMAPARA",NA,NA,NA,NA,NA
"ORISSA","CUTTACK","KANTAPARA",0,0,0,0,0
"ORISSA","CUTTACK","MAHANGA",16,4,0,0,20
"ORISSA","CUTTACK","NARASINGHPUR",NA,NA,NA,NA,NA
"ORISSA","CUTTACK","NIALI",NA,NA,NA,NA,NA
"ORISSA","CUTTACK","NISCHINTAKOILI",0,0,0,0,0
"ORISSA","CUTTACK","SALIPUR",NA,NA,NA,NA,NA
"ORISSA","CUTTACK","TANGI-CHOUDWAR",NA,NA,NA,NA,NA
"ORISSA","CUTTACK","TIGIRIA",NA,NA,NA,NA,NA
"ORISSA","DEOGARH","REAMAL",NA,NA,NA,NA,NA
"ORISSA","DEOGARH","SARKOTE",NA,NA,NA,NA,NA
"ORISSA","DEOGARH","TILEIBANI",NA,NA,NA,NA,NA
"ORISSA","DHENKANAL","BHUBAN",NA,NA,NA,NA,NA
"ORISSA","DHENKANAL","DHENKANAL",NA,NA,NA,NA,NA
"ORISSA","DHENKANAL","GANDIA",0,0,0,0,0
"ORISSA","DHENKANAL","HINDOL",NA,NA,NA,NA,NA
"ORISSA","DHENKANAL","KAMAKHYANAGAR",NA,NA,NA,NA,NA
"ORISSA","DHENKANAL","KANKADAHAD",NA,NA,NA,NA,NA
"ORISSA","DHENKANAL","ODAPADA",NA,NA,NA,NA,NA
"ORISSA","DHENKANAL","PALAJANGA",NA,NA,NA,NA,NA
"ORISSA","GAJAPATI","GUMMA",NA,NA,NA,NA,NA
"ORISSA","GAJAPATI","KASINAGAR",0,0,0,0,0
"ORISSA","GAJAPATI","MOHANA",NA,NA,NA,NA,NA
"ORISSA","GAJAPATI","NUAGADA",NA,NA,NA,NA,NA
"ORISSA","GAJAPATI","PARALAKHEMUNDI",0,0,0,0,0
"ORISSA","GAJAPATI","R.UDAYAGIRI",NA,NA,NA,NA,NA
"ORISSA","GAJAPATI","RAYAGADA",NA,NA,NA,NA,NA
"ORISSA","GANJAM","ASKA",NA,NA,NA,NA,NA
"ORISSA","GANJAM","BELAGUNTHA",4,0,0,0,4
"ORISSA","GANJAM","BHANJANAGAR",NA,NA,NA,NA,NA
"ORISSA","GANJAM","BUGUDA",NA,NA,NA,NA,NA
"ORISSA","GANJAM","CHATRAPUR",NA,NA,NA,NA,NA
"ORISSA","GANJAM","CHIKITI",0,0,0,0,0
"ORISSA","GANJAM","DHARAKOT",NA,NA,NA,NA,NA
"ORISSA","GANJAM","DIGAPAHANDI",NA,NA,NA,NA,NA
"ORISSA","GANJAM","GANJAM",NA,NA,NA,NA,NA
"ORISSA","GANJAM","HINJILIKUT",NA,NA,NA,NA,NA
"ORISSA","GANJAM","J.N.PRASAD",NA,NA,NA,NA,NA
"ORISSA","GANJAM","K.KHANDI",NA,NA,NA,NA,NA
"ORISSA","GANJAM","K.S.NAGAR",NA,NA,NA,NA,NA
"ORISSA","GANJAM","KHALLIKOT",NA,NA,NA,NA,NA
"ORISSA","GANJAM","KODALA",NA,NA,NA,NA,NA
"ORISSA","GANJAM","P.PUR",NA,NA,NA,NA,NA
"ORISSA","GANJAM","PATRAPUR",0,0,0,0,0
"ORISSA","GANJAM","POLASARA",NA,NA,NA,NA,NA
"ORISSA","GANJAM","R.LUNDA",NA,NA,NA,NA,NA
"ORISSA","GANJAM","S.KHEMUNDI",NA,NA,NA,NA,NA
"ORISSA","GANJAM","SHERAGADA",NA,NA,NA,NA,NA
"ORISSA","GANJAM","SORADA",NA,NA,NA,NA,NA
"ORISSA","JAGATSINGHPUR","BALIKUDA",20,0,0,0,20
"ORISSA","JAGATSINGHPUR","BIRIDI",10,0,0,0,10
"ORISSA","JAGATSINGHPUR","ERASAMA",0,0,0,0,0
"ORISSA","JAGATSINGHPUR","JAGATSINGHPUR",0,0,0,0,0
"ORISSA","JAGATSINGHPUR","KUNJANG",0,0,0,0,0
"ORISSA","JAGATSINGHPUR","NAUGAON",NA,NA,NA,NA,NA
"ORISSA","JAGATSINGHPUR","RAGHUNATHPUR",9,0,0,0,9
"ORISSA","JAGATSINGHPUR","TRITOL",NA,NA,NA,NA,NA
"ORISSA","JAJPUR","BARACHAN",0,0,0,0,0
"ORISSA","JAJPUR","BARI",0,0,0,0,0
"ORISSA","JAJPUR","BINJHARPUR",41,0,0,0,41
"ORISSA","JAJPUR","DANAGADI",NA,NA,NA,NA,NA
"ORISSA","JAJPUR","DASARATHPUR",25,0,0,0,25
"ORISSA","JAJPUR","DHARAMASALA",0,0,0,0,0
"ORISSA","JAJPUR","JAJPUR",0,0,0,0,0
"ORISSA","JAJPUR","KOREI",0,0,0,0,0
"ORISSA","JAJPUR","RASULPUR",0,0,0,0,0
"ORISSA","JAJPUR","SUKINDA",NA,NA,NA,NA,NA
"ORISSA","JHARSUGUDA","JHARSUGUDA",0,0,0,0,0
"ORISSA","JHARSUGUDA","KIRIMIRA",NA,NA,NA,NA,NA
"ORISSA","JHARSUGUDA","KOLABIRA",NA,NA,NA,NA,NA
"ORISSA","JHARSUGUDA","LAIKERA",NA,NA,NA,NA,NA
"ORISSA","JHARSUGUDA","LAKHANPUR",0,0,0,0,0
"ORISSA","KALAHANDI","BHABANI PATANA",0,0,0,0,0
"ORISSA","KALAHANDI","DHARMGARH",NA,NA,NA,NA,NA
"ORISSA","KALAHANDI","GOLAMUNDA",NA,NA,NA,NA,NA
"ORISSA","KALAHANDI","JAIPATANA",NA,NA,NA,NA,NA
"ORISSA","KALAHANDI","JUNAGARH",0,0,0,0,0
"ORISSA","KALAHANDI","KALAMPUR",NA,NA,NA,NA,NA
"ORISSA","KALAHANDI","KARLAMUNDA",NA,NA,NA,NA,NA
"ORISSA","KALAHANDI","KESINGA",NA,NA,NA,NA,NA
"ORISSA","KALAHANDI","KOKASARA",NA,NA,NA,NA,NA
"ORISSA","KALAHANDI","LANGIGARH",NA,NA,NA,NA,NA
"ORISSA","KALAHANDI","M.RAMPUR",NA,NA,NA,NA,NA
"ORISSA","KALAHANDI","NARALA",NA,NA,NA,NA,NA
"ORISSA","KALAHANDI","TH.RAMPUR",NA,NA,NA,NA,NA
"ORISSA","KENDRAPARA","AUL",0,0,0,0,0
"ORISSA","KENDRAPARA","DERABISI",0,0,0,0,0
"ORISSA","KENDRAPARA","GARADPUR",NA,NA,NA,NA,NA
"ORISSA","KENDRAPARA","KENDRAPARA",NA,NA,NA,NA,NA
"ORISSA","KENDRAPARA","MAHAKALAPADA",0,0,0,0,0
"ORISSA","KENDRAPARA","MARSAGHAI",0,0,0,0,0
"ORISSA","KENDRAPARA","PATAMUNDAI",0,26,0,2,28
"ORISSA","KENDRAPARA","RAJKANIKA",0,0,0,0,0
"ORISSA","KENDRAPARA","RAJNAGAR",0,0,0,0,0
"ORISSA","KEONJHAR","ANANDAPUR",0,0,0,0,0
"ORISSA","KEONJHAR","BANASPAL",NA,NA,NA,NA,NA
"ORISSA","KEONJHAR","CHAMPUA",NA,NA,NA,NA,NA
"ORISSA","KEONJHAR","GHASIPURA",NA,NA,NA,NA,NA
"ORISSA","KEONJHAR","GHATAGAON",NA,NA,NA,NA,NA
"ORISSA","KEONJHAR","HARICHANDANPUR",NA,NA,NA,NA,NA
"ORISSA","KEONJHAR","HATADIHI",0,0,0,0,0
"ORISSA","KEONJHAR","JHUMPURA",NA,NA,NA,NA,NA
"ORISSA","KEONJHAR","JODA",NA,NA,NA,NA,NA
"ORISSA","KEONJHAR","PATANA",NA,NA,NA,NA,NA
"ORISSA","KEONJHAR","SADAR",NA,NA,NA,NA,NA
"ORISSA","KEONJHAR","SAHARAPARA",NA,NA,NA,NA,NA
"ORISSA","KEONJHAR","TELKOI",NA,NA,NA,NA,NA
"ORISSA","KHURDA","BALIANTA",0,0,0,0,0
"ORISSA","KHURDA","BALIPATANA",0,0,1,0,1
"ORISSA","KHURDA","BANAPUR",NA,NA,NA,NA,NA
"ORISSA","KHURDA","BEGUNIA",NA,NA,NA,NA,NA
"ORISSA","KHURDA","BHUBANESWAR",0,0,0,0,0
"ORISSA","KHURDA","BOLAGARH",NA,NA,NA,NA,NA
"ORISSA","KHURDA","CHILIKA",NA,NA,NA,NA,NA
"ORISSA","KHURDA","JATNI",NA,NA,NA,NA,NA
"ORISSA","KHURDA","KHURDA",NA,NA,NA,NA,NA
"ORISSA","KHURDA","TANGI",NA,NA,NA,NA,NA
"ORISSA","KORAPUT","BAIPARIGUDA",NA,NA,NA,NA,NA
"ORISSA","KORAPUT","BANDHUGOAN",NA,NA,NA,NA,NA
"ORISSA","KORAPUT","BORIGUMMA",NA,NA,NA,NA,NA
"ORISSA","KORAPUT","DASAMANTAPUR",NA,NA,NA,NA,NA
"ORISSA","KORAPUT","JEYPUR",NA,NA,NA,NA,NA
"ORISSA","KORAPUT","KORAPUT",NA,NA,NA,NA,NA
"ORISSA","KORAPUT","KOTAPAD",NA,NA,NA,NA,NA
"ORISSA","KORAPUT","KUNDURA",NA,NA,NA,NA,NA
"ORISSA","KORAPUT","LAMATAPUT",NA,NA,NA,NA,NA
"ORISSA","KORAPUT","LAXMIPUR",NA,NA,NA,NA,NA
"ORISSA","KORAPUT","NANDAPUR",NA,NA,NA,NA,NA
"ORISSA","KORAPUT","NARAYANPATNA",NA,NA,NA,NA,NA
"ORISSA","KORAPUT","POTTANGI",NA,NA,NA,NA,NA
"ORISSA","KORAPUT","SIMILIGUDA",NA,NA,NA,NA,NA
"ORISSA","MALKANGIRI","KALIMELA",NA,NA,NA,NA,NA
"ORISSA","MALKANGIRI","KHAIRAPUT",NA,NA,NA,NA,NA
"ORISSA","MALKANGIRI","KONKUNDA",NA,NA,NA,NA,NA
"ORISSA","MALKANGIRI","KUDUMULUGUMMA",NA,NA,NA,NA,NA
"ORISSA","MALKANGIRI","MALKANAGIRI",NA,NA,NA,NA,NA
"ORISSA","MALKANGIRI","MATHILI",NA,NA,NA,NA,NA
"ORISSA","MALKANGIRI","PODIA",NA,NA,NA,NA,NA
"ORISSA","MAYURBHANJ","BAHALADA",NA,NA,NA,NA,NA
"ORISSA","MAYURBHANJ","BANGIRIPOSI",NA,NA,NA,NA,NA
"ORISSA","MAYURBHANJ","BARIPADA",0,0,0,0,0
"ORISSA","MAYURBHANJ","BARSAHI",0,0,0,0,0
"ORISSA","MAYURBHANJ","BETANATI",0,0,0,0,0
"ORISSA","MAYURBHANJ","BIJATOLA",NA,NA,NA,NA,NA
"ORISSA","MAYURBHANJ","BISOI",NA,NA,NA,NA,NA
"ORISSA","MAYURBHANJ","GOPABANDHU NAGAR",0,0,0,0,0
"ORISSA","MAYURBHANJ","JAMADA",NA,NA,NA,NA,NA
"ORISSA","MAYURBHANJ","JASIPUR",NA,NA,NA,NA,NA
"ORISSA","MAYURBHANJ","KAPTIPADA",NA,NA,NA,NA,NA
"ORISSA","MAYURBHANJ","KARANJIA",NA,NA,NA,NA,NA
"ORISSA","MAYURBHANJ","KHUNTA",0,0,0,0,0
"ORISSA","MAYURBHANJ","KULIANA",5,0,0,0,5
"ORISSA","MAYURBHANJ","KUSUMI",NA,NA,NA,NA,NA
"ORISSA","MAYURBHANJ","MORADA",0,0,0,0,0
"ORISSA","MAYURBHANJ","RAIRANGPUR",NA,NA,NA,NA,NA
"ORISSA","MAYURBHANJ","RARUAN",NA,NA,NA,NA,NA
"ORISSA","MAYURBHANJ","RASGOVINDPUR",0,0,0,0,0
"ORISSA","MAYURBHANJ","SAMAKHUNTA",NA,NA,NA,NA,NA
"ORISSA","MAYURBHANJ","SARASKANA",0,0,0,0,0
"ORISSA","MAYURBHANJ","SUKRULI",NA,NA,NA,NA,NA
"ORISSA","MAYURBHANJ","SULIAPADA",0,0,0,0,0
"ORISSA","MAYURBHANJ","THAKURMUNDA",NA,NA,NA,NA,NA
"ORISSA","MAYURBHANJ","TIRINGI",NA,NA,NA,NA,NA
"ORISSA","MAYURBHANJ","UDALA",NA,NA,NA,NA,NA
"ORISSA","NAYAGARH","BHAPUR",NA,NA,NA,NA,NA
"ORISSA","NAYAGARH","DASPALLA",NA,NA,NA,NA,NA
"ORISSA","NAYAGARH","GANIA",NA,NA,NA,NA,NA
"ORISSA","NAYAGARH","KHANDAPADA",NA,NA,NA,NA,NA
"ORISSA","NAYAGARH","NAYAGARH",0,0,6,0,6
"ORISSA","NAYAGARH","NUAGAON",NA,NA,NA,NA,NA
"ORISSA","NAYAGARH","ODOGAON",NA,NA,NA,NA,NA
"ORISSA","NAYAGARH","RANPUR",NA,NA,NA,NA,NA
"ORISSA","NOWRANGPUR","CHANDAHANDI",NA,NA,NA,NA,NA
"ORISSA","NOWRANGPUR","DABUGAON",NA,NA,NA,NA,NA
"ORISSA","NOWRANGPUR","JHARIGAON",NA,NA,NA,NA,NA
"ORISSA","NOWRANGPUR","KUSAGUMUDA",NA,NA,NA,NA,NA
"ORISSA","NOWRANGPUR","NANDAHANDI",NA,NA,NA,NA,NA
"ORISSA","NOWRANGPUR","NAWARANGPUR",NA,NA,NA,NA,NA
"ORISSA","NOWRANGPUR","PAPADAHANDI",NA,NA,NA,NA,NA
"ORISSA","NOWRANGPUR","RAIGHAR",NA,NA,NA,NA,NA
"ORISSA","NOWRANGPUR","TENTULIKHUNTI",NA,NA,NA,NA,NA
"ORISSA","NOWRANGPUR","UMERKOT",NA,NA,NA,NA,NA
"ORISSA","NUAPADA","BODEN",NA,NA,NA,NA,NA
"ORISSA","NUAPADA","KHARIAR",NA,NA,NA,NA,NA
"ORISSA","NUAPADA","KOMANA",NA,NA,NA,NA,NA
"ORISSA","NUAPADA","NUAPARA",0,0,0,0,0
"ORISSA","NUAPADA","SINAPALLI",NA,NA,NA,NA,NA
"ORISSA","PHULBANI","BALIGUDA",NA,NA,NA,NA,NA
"ORISSA","PHULBANI","CHAKAPAD",NA,NA,NA,NA,NA
"ORISSA","PHULBANI","DARINGIBADI",NA,NA,NA,NA,NA
"ORISSA","PHULBANI","G.UDAYAGIRI",NA,NA,NA,NA,NA
"ORISSA","PHULBANI","JUMUDIBANDHA",NA,NA,NA,NA,NA
"ORISSA","PHULBANI","KHAJURIPADA",NA,NA,NA,NA,NA
"ORISSA","PHULBANI","KOTAGARH",NA,NA,NA,NA,NA
"ORISSA","PHULBANI","NUAGAON",NA,NA,NA,NA,NA
"ORISSA","PHULBANI","PHIRINGIA",NA,NA,NA,NA,NA
"ORISSA","PHULBANI","PHULBANI",NA,NA,NA,NA,NA
"ORISSA","PHULBANI","RAIKIA",NA,NA,NA,NA,NA
"ORISSA","PHULBANI","TIKABALI",NA,NA,NA,NA,NA
"ORISSA","PURI","ASTARANG",NA,NA,NA,NA,NA
"ORISSA","PURI","BRAHMAGIRI",NA,NA,NA,NA,NA
"ORISSA","PURI","DELANG",NA,NA,NA,NA,NA
"ORISSA","PURI","GOP",6,0,0,0,6
"ORISSA","PURI","KAKATPUR",NA,NA,NA,NA,NA
"ORISSA","PURI","KANAS",NA,NA,NA,NA,NA
"ORISSA","PURI","KRISHNAPRASAD",NA,NA,NA,NA,NA
"ORISSA","PURI","NIMAPARA",2,0,0,0,2
"ORISSA","PURI","PIPILI",0,0,0,0,0
"ORISSA","PURI","PURISADAR",NA,NA,NA,NA,NA
"ORISSA","PURI","SATYABADI",NA,NA,NA,NA,NA
"ORISSA","RAYAGADA","BISAMACUTTACK",NA,NA,NA,NA,NA
"ORISSA","RAYAGADA","CHANDRAPOR",NA,NA,NA,NA,NA
"ORISSA","RAYAGADA","GUDARI",NA,NA,NA,NA,NA
"ORISSA","RAYAGADA","GUNUPUR",NA,NA,NA,NA,NA
"ORISSA","RAYAGADA","KALYANSINGPUR",NA,NA,NA,NA,NA
"ORISSA","RAYAGADA","KASHIPUR",NA,NA,NA,NA,NA
"ORISSA","RAYAGADA","KOUNARA",NA,NA,NA,NA,NA
"ORISSA","RAYAGADA","MUNIGUDA",NA,NA,NA,NA,NA
"ORISSA","RAYAGADA","PADAMPUR",NA,NA,NA,NA,NA
"ORISSA","RAYAGADA","RAMANGUDA",NA,NA,NA,NA,NA
"ORISSA","RAYAGADA","RAYAGADA",0,0,0,0,0
"ORISSA","SAMBALPUR","DHANKAUDA",NA,NA,NA,NA,NA
"ORISSA","SAMBALPUR","GOVINDPUR",NA,NA,NA,NA,NA
"ORISSA","SAMBALPUR","JAMANKIRA",NA,NA,NA,NA,NA
"ORISSA","SAMBALPUR","JUJUMURA",NA,NA,NA,NA,NA
"ORISSA","SAMBALPUR","KANESWAR",NA,NA,NA,NA,NA
"ORISSA","SAMBALPUR","KUCHINDA",NA,NA,NA,NA,NA
"ORISSA","SAMBALPUR","NAKTIDEUL",NA,NA,NA,NA,NA
"ORISSA","SAMBALPUR","RAIRAKHOL",NA,NA,NA,NA,NA
"ORISSA","SAMBALPUR","RENGALI",NA,NA,NA,NA,NA
"ORISSA","SONEPUR","BINIKA",NA,NA,NA,NA,NA
"ORISSA","SONEPUR","BIRMAHARAJPUR",NA,NA,NA,NA,NA
"ORISSA","SONEPUR","DUNGURIPALLI",NA,NA,NA,NA,NA
"ORISSA","SONEPUR","SONEPUR",NA,NA,NA,NA,NA
"ORISSA","SONEPUR","TARAVA",NA,NA,NA,NA,NA
"ORISSA","SONEPUR","ULUNDA",NA,NA,NA,NA,NA
"ORISSA","SUNDARGARH","BALLISANKAR",NA,NA,NA,NA,NA
"ORISSA","SUNDARGARH","BARAGAON",NA,NA,NA,NA,NA
"ORISSA","SUNDARGARH","BISRA",NA,NA,NA,NA,NA
"ORISSA","SUNDARGARH","BONAI",NA,NA,NA,NA,NA
"ORISSA","SUNDARGARH","GURUNDIA",NA,NA,NA,NA,NA
"ORISSA","SUNDARGARH","HEMGIRI",NA,NA,NA,NA,NA
"ORISSA","SUNDARGARH","KOIRA",NA,NA,NA,NA,NA
"ORISSA","SUNDARGARH","KUARMUNDA",NA,NA,NA,NA,NA
"ORISSA","SUNDARGARH","KUTRA",NA,NA,NA,NA,NA
"ORISSA","SUNDARGARH","LAHUNIPADA",NA,NA,NA,NA,NA
"ORISSA","SUNDARGARH","LATHIKATA",NA,NA,NA,NA,NA
"ORISSA","SUNDARGARH","LEPHRIPARA",NA,NA,NA,NA,NA
"ORISSA","SUNDARGARH","NUAGAON",NA,NA,NA,NA,NA
"ORISSA","SUNDARGARH","RAJGANGPUR",NA,NA,NA,NA,NA
"ORISSA","SUNDARGARH","SUBDEGA",NA,NA,NA,NA,NA
"ORISSA","SUNDARGARH","SUNDARGARH",NA,NA,NA,NA,NA
"ORISSA","SUNDARGARH","TANGARAPALLI",NA,NA,NA,NA,NA
"PUNJAB","AMRITSAR","AJNALA",NA,NA,NA,NA,NA
"PUNJAB","AMRITSAR","BHIKHIWIND",NA,NA,NA,NA,NA
"PUNJAB","AMRITSAR","CHOGAWAN",NA,NA,NA,NA,NA
"PUNJAB","AMRITSAR","CHOHLA SAHIB",NA,NA,NA,NA,NA
"PUNJAB","AMRITSAR","GANDI WIND",NA,NA,NA,NA,NA
"PUNJAB","AMRITSAR","JANDIALA GURU",NA,NA,NA,NA,NA
"PUNJAB","AMRITSAR","KHANDOOR SAHIB",NA,NA,NA,NA,NA
"PUNJAB","AMRITSAR","MAJITHA",NA,NA,NA,NA,NA
"PUNJAB","AMRITSAR","NAUSHERA PANUWAN",NA,NA,NA,NA,NA
"PUNJAB","AMRITSAR","PATTI",NA,NA,NA,NA,NA
"PUNJAB","AMRITSAR","RAYYA",NA,NA,NA,NA,NA
"PUNJAB","AMRITSAR","TARAN TARAN",NA,NA,NA,NA,NA
"PUNJAB","AMRITSAR","TARSIKKA",NA,NA,NA,NA,NA
"PUNJAB","AMRITSAR","VALTOHA",10,10,0,0,20
"PUNJAB","AMRITSAR","VERKA",NA,NA,NA,NA,NA
"PUNJAB","BATHINDA","BATHINDA",NA,NA,NA,NA,NA
"PUNJAB","BATHINDA","MAUR",NA,NA,NA,NA,NA
"PUNJAB","BATHINDA","NATHANA",NA,NA,NA,NA,NA
"PUNJAB","BATHINDA","PHUL",NA,NA,NA,NA,NA
"PUNJAB","BATHINDA","RAMPURA",NA,NA,NA,NA,NA
"PUNJAB","BATHINDA","SANGAT",17,17,0,0,34
"PUNJAB","BATHINDA","TALWANDI SABO",NA,NA,NA,NA,NA
"PUNJAB","FARIDKOT","BAGHAPURANA",NA,NA,NA,NA,NA
"PUNJAB","FARIDKOT","FARIDKOT",NA,NA,NA,NA,NA
"PUNJAB","FARIDKOT","GIDDERBAHA",NA,NA,NA,NA,NA
"PUNJAB","FARIDKOT","KOTKAPURA",NA,NA,NA,NA,NA
"PUNJAB","FARIDKOT","LAMBI",NA,NA,NA,NA,NA
"PUNJAB","FARIDKOT","MALAUT",NA,NA,NA,NA,NA
"PUNJAB","FARIDKOT","MOGA I",NA,NA,NA,NA,NA
"PUNJAB","FARIDKOT","MOGA II",NA,NA,NA,NA,NA
"PUNJAB","FARIDKOT","MUKTSAR",NA,NA,NA,NA,NA
"PUNJAB","FARIDKOT","N.S. WALA",NA,NA,NA,NA,NA
"PUNJAB","FATEHGARH SAHIB","AMLOH",NA,NA,NA,NA,NA
"PUNJAB","FATEHGARH SAHIB","BASSI PATHANA",0,0,0,0,0
"PUNJAB","FATEHGARH SAHIB","KHAMANO",NA,NA,NA,NA,NA
"PUNJAB","FATEHGARH SAHIB","SIRHIND",0,0,0,0,0
"PUNJAB","FEROZEPUR","ABOHAR",NA,NA,NA,NA,NA
"PUNJAB","FEROZEPUR","FAZILKA",NA,NA,NA,NA,NA
"PUNJAB","FEROZEPUR","FEROZEPUR",NA,NA,NA,NA,NA
"PUNJAB","FEROZEPUR","GHAL KHURD",NA,NA,NA,NA,NA
"PUNJAB","FEROZEPUR","GURUHARSAI",NA,NA,NA,NA,NA
"PUNJAB","FEROZEPUR","JALALABAD",NA,NA,NA,NA,NA
"PUNJAB","FEROZEPUR","KHUIAN SERVER",NA,NA,NA,NA,NA
"PUNJAB","FEROZEPUR","KOT ISEH KHAN",NA,NA,NA,NA,NA
"PUNJAB","FEROZEPUR","ZIRA",NA,NA,NA,NA,NA
"PUNJAB","GURDASPUR","BANNIAL",NA,NA,NA,NA,NA
"PUNJAB","GURDASPUR","BATALA",NA,NA,NA,NA,NA
"PUNJAB","GURDASPUR","DERA BABA NANAK",NA,NA,NA,NA,NA
"PUNJAB","GURDASPUR","DHAR KALAN",0,0,0,0,0
"PUNJAB","GURDASPUR","DHARIWAL",NA,NA,NA,NA,NA
"PUNJAB","GURDASPUR","DINANAGAR",NA,NA,NA,NA,NA
"PUNJAB","GURDASPUR","FATEHGARH CHURIAN",NA,NA,NA,NA,NA
"PUNJAB","GURDASPUR","GURDASPUR",NA,NA,NA,NA,NA
"PUNJAB","GURDASPUR","KAHNUWAN",NA,NA,NA,NA,NA
"PUNJAB","GURDASPUR","KALANAUR",NA,NA,NA,NA,NA
"PUNJAB","GURDASPUR","NAROT JAIMAL SINGH",NA,NA,NA,NA,NA
"PUNJAB","GURDASPUR","PATHANKOT",0,0,0,0,0
"PUNJAB","GURDASPUR","QADIAN",NA,NA,NA,NA,NA
"PUNJAB","GURDASPUR","SRI HARGOBIND PUR",NA,NA,NA,NA,NA
"PUNJAB","HOSHIARPUR","BALACHAUR",350,347,4,0,701
"PUNJAB","HOSHIARPUR","BHUNGA",0,0,0,0,0
"PUNJAB","HOSHIARPUR","DASUYA",20,20,0,0,40
"PUNJAB","HOSHIARPUR","GARHSHANKAR",0,0,0,0,0
"PUNJAB","HOSHIARPUR","HOSHIARPUR 1",0,0,0,0,0
"PUNJAB","HOSHIARPUR","HOSHIARPUR-II",0,0,0,0,0
"PUNJAB","HOSHIARPUR","MAHILPUR",40,40,3,0,83
"PUNJAB","HOSHIARPUR","MUKERIAN",NA,NA,NA,NA,NA
"PUNJAB","HOSHIARPUR","SAROYA",0,0,0,0,0
"PUNJAB","HOSHIARPUR","TALWARA",NA,NA,NA,NA,NA
"PUNJAB","HOSHIARPUR","TANDA",NA,NA,NA,NA,NA
"PUNJAB","JALANDHAR","ADAMPUR",NA,NA,NA,NA,NA
"PUNJAB","JALANDHAR","AUR",NA,NA,NA,NA,NA
"PUNJAB","JALANDHAR","BANGA",NA,NA,NA,NA,NA
"PUNJAB","JALANDHAR","BHOGPUR",NA,NA,NA,NA,NA
"PUNJAB","JALANDHAR","EAST JALANDHAR",NA,NA,NA,NA,NA
"PUNJAB","JALANDHAR","NAKODAR",NA,NA,NA,NA,NA
"PUNJAB","JALANDHAR","NAWAN SHAHAR",NA,NA,NA,NA,NA
"PUNJAB","JALANDHAR","NURMAHAL",NA,NA,NA,NA,NA
"PUNJAB","JALANDHAR","PHILLAUR",NA,NA,NA,NA,NA
"PUNJAB","JALANDHAR","RURKAKALAN",NA,NA,NA,NA,NA
"PUNJAB","JALANDHAR","SHAHKOT",NA,NA,NA,NA,NA
"PUNJAB","JALANDHAR","WEST JALANDHAR",NA,NA,NA,NA,NA
"PUNJAB","KAPURTHALA","KAPURTHALA",0,0,0,0,0
"PUNJAB","KAPURTHALA","NADALA",NA,NA,NA,NA,NA
"PUNJAB","KAPURTHALA","PHAGWARA",0,0,0,0,0
"PUNJAB","KAPURTHALA","SULTANPUR LODHI",0,0,0,0,0
"PUNJAB","LUDHIANA","DEHLON",NA,NA,NA,NA,NA
"PUNJAB","LUDHIANA","DORAHA",NA,NA,NA,NA,NA
"PUNJAB","LUDHIANA","JAGRAON",NA,NA,NA,NA,NA
"PUNJAB","LUDHIANA","KHANNA",NA,NA,NA,NA,NA
"PUNJAB","LUDHIANA","LUDHIANA",NA,NA,NA,NA,NA
"PUNJAB","LUDHIANA","MACHIWARA",0,0,0,0,0
"PUNJAB","LUDHIANA","MANGAT",NA,NA,NA,NA,NA
"PUNJAB","LUDHIANA","PAKHOWAL",NA,NA,NA,NA,NA
"PUNJAB","LUDHIANA","SAMRALA",NA,NA,NA,NA,NA
"PUNJAB","LUDHIANA","SIDHWAN BET",NA,NA,NA,NA,NA
"PUNJAB","LUDHIANA","SUDHAR",NA,NA,NA,NA,NA
"PUNJAB","MANSA","BHIKHI",NA,NA,NA,NA,NA
"PUNJAB","MANSA","BUDHLADA",NA,NA,NA,NA,NA
"PUNJAB","MANSA","JHUNIR",NA,NA,NA,NA,NA
"PUNJAB","MANSA","MANSA",NA,NA,NA,NA,NA
"PUNJAB","MANSA","SARDULGARH",69,69,0,0,138
"PUNJAB","PATIALA","BHUNERHERI",74,67,0,0,141
"PUNJAB","PATIALA","DERA BASSI",0,0,0,0,0
"PUNJAB","PATIALA","GHANOUR",0,0,0,0,0
"PUNJAB","PATIALA","NABHA",NA,NA,NA,NA,NA
"PUNJAB","PATIALA","PATIALA",0,0,0,0,0
"PUNJAB","PATIALA","RAJPURA",0,0,0,0,0
"PUNJAB","PATIALA","SAMANA",NA,NA,NA,NA,NA
"PUNJAB","ROPAR","ANANDPUR SAHIB",8,16,0,0,24
"PUNJAB","ROPAR","CHAMKOR SAHIB",0,0,0,0,0
"PUNJAB","ROPAR","KHARAR",41,47,0,0,88
"PUNJAB","ROPAR","MAJARI",0,0,0,0,0
"PUNJAB","ROPAR","MORINDA",NA,NA,NA,NA,NA
"PUNJAB","ROPAR","NURPUR BEDI",0,0,0,0,0
"PUNJAB","ROPAR","ROPAR",0,0,0,0,0
"PUNJAB","SANGRUR","AHMEDGARH",NA,NA,NA,NA,NA
"PUNJAB","SANGRUR","BARNALA",NA,NA,NA,NA,NA
"PUNJAB","SANGRUR","BHAWANIGARH",0,0,0,0,0
"PUNJAB","SANGRUR","DHURI",NA,NA,NA,NA,NA
"PUNJAB","SANGRUR","LEHRAGAGA",144,144,0,0,288
"PUNJAB","SANGRUR","MALERKOTLA",NA,NA,NA,NA,NA
"PUNJAB","SANGRUR","MEHAL KALAN",362,361,0,0,723
"PUNJAB","SANGRUR","SANGRUR",0,0,0,0,0
"PUNJAB","SANGRUR","SEHNA",NA,NA,NA,NA,NA
"PUNJAB","SANGRUR","SUNAM",NA,NA,NA,NA,NA
"RAJASTHAN","AJMER","AJMER",0,0,0,0,0
"RAJASTHAN","AJMER","BEAWAR",NA,NA,NA,NA,NA
"RAJASTHAN","AJMER","KEKRI",NA,NA,NA,NA,NA
"RAJASTHAN","AJMER","KISHANGARH",NA,NA,NA,NA,NA
"RAJASTHAN","AJMER","NASIRABAD",NA,NA,NA,NA,NA
"RAJASTHAN","AJMER","SARWAR",NA,NA,NA,NA,NA
"RAJASTHAN","ALWAR","ALWAR",NA,NA,NA,NA,NA
"RAJASTHAN","ALWAR","BANSUR",NA,NA,NA,NA,NA
"RAJASTHAN","ALWAR","BEHROR",NA,NA,NA,NA,NA
"RAJASTHAN","ALWAR","KISHANGARHBAS",NA,NA,NA,NA,NA
"RAJASTHAN","ALWAR","LAXMANGARH",NA,NA,NA,NA,NA
"RAJASTHAN","ALWAR","MANDAWAR",NA,NA,NA,NA,NA
"RAJASTHAN","ALWAR","RAJGARH",NA,NA,NA,NA,NA
"RAJASTHAN","ALWAR","RAMGARH",NA,NA,NA,NA,NA
"RAJASTHAN","ALWAR","THANAGAZI",NA,NA,NA,NA,NA
"RAJASTHAN","ALWAR","TIJARA",NA,NA,NA,NA,NA
"RAJASTHAN","BANSWARA","BAGIDORA",NA,NA,NA,NA,NA
"RAJASTHAN","BANSWARA","BANSWARA",NA,NA,NA,NA,NA
"RAJASTHAN","BANSWARA","GARHI",NA,NA,NA,NA,NA
"RAJASTHAN","BANSWARA","GHATOL",NA,NA,NA,NA,NA
"RAJASTHAN","BANSWARA","KUSHALGARH",NA,NA,NA,NA,NA
"RAJASTHAN","BARAN","ATRU",0,0,0,0,0
"RAJASTHAN","BARAN","BARAN",0,0,0,0,0
"RAJASTHAN","BARAN","CHHABRA",NA,NA,NA,NA,NA
"RAJASTHAN","BARAN","CHHIPABARAD",NA,NA,NA,NA,NA
"RAJASTHAN","BARAN","KISHAN GANJ",0,0,0,0,0
"RAJASTHAN","BARAN","MANGROL",0,0,0,0,0
"RAJASTHAN","BARAN","SHABAD",0,0,0,0,0
"RAJASTHAN","BARMER","BARMER",NA,NA,NA,NA,NA
"RAJASTHAN","BARMER","BAYTOO",NA,NA,NA,NA,NA
"RAJASTHAN","BARMER","CHOHATAN",NA,NA,NA,NA,NA
"RAJASTHAN","BARMER","GUDAMALANI",NA,NA,NA,NA,NA
"RAJASTHAN","BARMER","PACH-PHADRA",NA,NA,NA,NA,NA
"RAJASTHAN","BARMER","SHIV",0,0,0,0,0
"RAJASTHAN","BARMER","SIVNA",NA,NA,NA,NA,NA
"RAJASTHAN","BHARATPUR","BAYANA",NA,NA,NA,NA,NA
"RAJASTHAN","BHARATPUR","BEIR",0,0,0,0,0
"RAJASTHAN","BHARATPUR","BHARATPUR",NA,NA,NA,NA,NA
"RAJASTHAN","BHARATPUR","DEEG",NA,NA,NA,NA,NA
"RAJASTHAN","BHARATPUR","KAMAN",NA,NA,NA,NA,NA
"RAJASTHAN","BHARATPUR","KUMHER",NA,NA,NA,NA,NA
"RAJASTHAN","BHARATPUR","NADBAI",0,0,0,0,0
"RAJASTHAN","BHARATPUR","NAGAR",NA,NA,NA,NA,NA
"RAJASTHAN","BHARATPUR","PAHARI",NA,NA,NA,NA,NA
"RAJASTHAN","BHARATPUR","RUPBAS",NA,NA,NA,NA,NA
"RAJASTHAN","BHILWARA","ASIND",NA,NA,NA,NA,NA
"RAJASTHAN","BHILWARA","BANERA",0,0,0,0,0
"RAJASTHAN","BHILWARA","BHILWARA",0,0,0,0,0
"RAJASTHAN","BHILWARA","HURDA",NA,NA,NA,NA,NA
"RAJASTHAN","BHILWARA","JAHAZPUR",NA,NA,NA,NA,NA
"RAJASTHAN","BHILWARA","KOTRI",NA,NA,NA,NA,NA
"RAJASTHAN","BHILWARA","MANDAL",NA,NA,NA,NA,NA
"RAJASTHAN","BHILWARA","MANDALGARH",0,0,0,0,0
"RAJASTHAN","BHILWARA","RAIPUR",NA,NA,NA,NA,NA
"RAJASTHAN","BHILWARA","SAHADA",NA,NA,NA,NA,NA
"RAJASTHAN","BHILWARA","SHAHPURA",NA,NA,NA,NA,NA
"RAJASTHAN","BIKANER","BIKANER",9,20,0,0,29
"RAJASTHAN","BIKANER","KOLAYAT",14,43,0,0,57
"RAJASTHAN","BIKANER","LUNKARANSAR",NA,NA,NA,NA,NA
"RAJASTHAN","BIKANER","NOKHA",NA,NA,NA,NA,NA
"RAJASTHAN","BUNDI","BUNDI",0,0,0,0,0
"RAJASTHAN","BUNDI","HINDOLI",NA,NA,NA,NA,NA
"RAJASTHAN","BUNDI","KESHORAIPATAN",NA,NA,NA,NA,NA
"RAJASTHAN","BUNDI","NAINWA",NA,NA,NA,NA,NA
"RAJASTHAN","CHITTORGARH","ARNOD",NA,NA,NA,NA,NA
"RAJASTHAN","CHITTORGARH","BEDISARDI",0,0,0,0,0
"RAJASTHAN","CHITTORGARH","BEGHRU",0,0,0,0,0
"RAJASTHAN","CHITTORGARH","BHADESAR",NA,NA,NA,NA,NA
"RAJASTHAN","CHITTORGARH","CHHOTISADRI",0,0,0,0,0
"RAJASTHAN","CHITTORGARH","CHITTORGARH",0,0,0,0,0
"RAJASTHAN","CHITTORGARH","DUNGLA",NA,NA,NA,NA,NA
"RAJASTHAN","CHITTORGARH","GANGRAR",0,0,0,0,0
"RAJASTHAN","CHITTORGARH","KAPASAN",NA,NA,NA,NA,NA
"RAJASTHAN","CHITTORGARH","NIMBAHERA",0,0,0,0,0
"RAJASTHAN","CHITTORGARH","PRATAPGARH",NA,NA,NA,NA,NA
"RAJASTHAN","CHITTORGARH","RASHMI",0,0,0,0,0
"RAJASTHAN","CHURU","CHURU",NA,NA,NA,NA,NA
"RAJASTHAN","CHURU","DUNGARGARH",0,0,0,0,0
"RAJASTHAN","CHURU","RAJGARH",NA,NA,NA,NA,NA
"RAJASTHAN","CHURU","RATANGARH",7,14,0,0,21
"RAJASTHAN","CHURU","SARDARSHAR",NA,NA,NA,NA,NA
"RAJASTHAN","CHURU","SUJANGARH",0,0,0,0,0
"RAJASTHAN","CHURU","TARANAGAR",NA,NA,NA,NA,NA
"RAJASTHAN","DAUSA","BASWA",NA,NA,NA,NA,NA
"RAJASTHAN","DAUSA","DAUSA",NA,NA,NA,NA,NA
"RAJASTHAN","DAUSA","LALSOT",NA,NA,NA,NA,NA
"RAJASTHAN","DAUSA","MAHUWA",0,0,0,0,0
"RAJASTHAN","DAUSA","SIKRAI",NA,NA,NA,NA,NA
"RAJASTHAN","DHOLPUR","BARI",NA,NA,NA,NA,NA
"RAJASTHAN","DHOLPUR","BASERI",NA,NA,NA,NA,NA
"RAJASTHAN","DHOLPUR","DHOLPUR",NA,NA,NA,NA,NA
"RAJASTHAN","DHOLPUR","RAJAKHERA",NA,NA,NA,NA,NA
"RAJASTHAN","DUNGARPUR","ASPUR",NA,NA,NA,NA,NA
"RAJASTHAN","DUNGARPUR","DUNGARPUR",NA,NA,NA,NA,NA
"RAJASTHAN","DUNGARPUR","SAGWARA",0,0,0,0,0
"RAJASTHAN","DUNGARPUR","SIMALWARA",0,0,0,0,0
"RAJASTHAN","GANGANAGAR","ANUPGARH",NA,NA,NA,NA,NA
"RAJASTHAN","GANGANAGAR","GANGANAGAR",NA,NA,NA,NA,NA
"RAJASTHAN","GANGANAGAR","GHARSANA",NA,NA,NA,NA,NA
"RAJASTHAN","GANGANAGAR","KARANPUR",NA,NA,NA,NA,NA
"RAJASTHAN","GANGANAGAR","PADAMPUR",NA,NA,NA,NA,NA
"RAJASTHAN","GANGANAGAR","RAISINGHNAGAR",NA,NA,NA,NA,NA
"RAJASTHAN","GANGANAGAR","SADULSHAHAR",NA,NA,NA,NA,NA
"RAJASTHAN","GANGANAGAR","SURATGARH",NA,NA,NA,NA,NA
"RAJASTHAN","GANGANAGAR","VIJAINAGAR",NA,NA,NA,NA,NA
"RAJASTHAN","HANUMANGARH","BHADRA",NA,NA,NA,NA,NA
"RAJASTHAN","HANUMANGARH","HANUMAN GARH",NA,NA,NA,NA,NA
"RAJASTHAN","HANUMANGARH","NOHAR",NA,NA,NA,NA,NA
"RAJASTHAN","HANUMANGARH","PILIBANGA",NA,NA,NA,NA,NA
"RAJASTHAN","HANUMANGARH","RAWATSAR",NA,NA,NA,NA,NA
"RAJASTHAN","HANUMANGARH","SANGRIA",NA,NA,NA,NA,NA
"RAJASTHAN","HANUMANGARH","TIBI",NA,NA,NA,NA,NA
"RAJASTHAN","JAIPUR","AMBER",NA,NA,NA,NA,NA
"RAJASTHAN","JAIPUR","BASSI",NA,NA,NA,NA,NA
"RAJASTHAN","JAIPUR","CHAKSU",NA,NA,NA,NA,NA
"RAJASTHAN","JAIPUR","CHOMU",NA,NA,NA,NA,NA
"RAJASTHAN","JAIPUR","DUDU",NA,NA,NA,NA,NA
"RAJASTHAN","JAIPUR","JAIPUR",NA,NA,NA,NA,NA
"RAJASTHAN","JAIPUR","JAMWARAMGARH",NA,NA,NA,NA,NA
"RAJASTHAN","JAIPUR","KOTPUTLI",NA,NA,NA,NA,NA
"RAJASTHAN","JAIPUR","PHAGI",NA,NA,NA,NA,NA
"RAJASTHAN","JAIPUR","PHULERA",NA,NA,NA,NA,NA
"RAJASTHAN","JAIPUR","SANGANER",NA,NA,NA,NA,NA
"RAJASTHAN","JAIPUR","SHAHPURA",NA,NA,NA,NA,NA
"RAJASTHAN","JAIPUR","VIRATNAGAR",NA,NA,NA,NA,NA
"RAJASTHAN","JAISALMER","JAISALMER",0,0,0,0,0
"RAJASTHAN","JAISALMER","POKARAN",0,0,0,0,0
"RAJASTHAN","JALORE","AHORE",NA,NA,NA,NA,NA
"RAJASTHAN","JALORE","BHINMAL",0,0,0,0,0
"RAJASTHAN","JALORE","JALORE",0,0,0,0,0
"RAJASTHAN","JALORE","RANIWARA",0,0,0,0,0
"RAJASTHAN","JALORE","SANCHORE",NA,NA,NA,NA,NA
"RAJASTHAN","JHALAWAR","AKLERA",NA,NA,NA,NA,NA
"RAJASTHAN","JHALAWAR","GANGDHAR",NA,NA,NA,NA,NA
"RAJASTHAN","JHALAWAR","JHALRAPATAN",NA,NA,NA,NA,NA
"RAJASTHAN","JHALAWAR","KANPUR",0,0,0,0,0
"RAJASTHAN","JHALAWAR","PACHPAHAR",NA,NA,NA,NA,NA
"RAJASTHAN","JHALAWAR","PIRAWA",NA,NA,NA,NA,NA
"RAJASTHAN","JHUNJHNU","CHIRAWA",NA,NA,NA,NA,NA
"RAJASTHAN","JHUNJHNU","JHUNJHNU",NA,NA,NA,NA,NA
"RAJASTHAN","JHUNJHNU","KHETRI",NA,NA,NA,NA,NA
"RAJASTHAN","JHUNJHNU","NAWALGARH",NA,NA,NA,NA,NA
"RAJASTHAN","JHUNJHNU","UDAIPURWATI",NA,NA,NA,NA,NA
"RAJASTHAN","JODHPUR","BHOPALGARH",6,0,0,0,6
"RAJASTHAN","JODHPUR","BILADA",0,0,0,0,0
"RAJASTHAN","JODHPUR","JODHPUR",0,0,0,0,0
"RAJASTHAN","JODHPUR","OSIAN",6,0,0,0,6
"RAJASTHAN","JODHPUR","PHALODI",0,0,0,0,0
"RAJASTHAN","JODHPUR","SHERGARH",0,0,0,0,0
"RAJASTHAN","KOTA","DIGOD",0,0,0,0,0
"RAJASTHAN","KOTA","LADPURA",NA,NA,NA,NA,NA
"RAJASTHAN","KOTA","PIPALDA",0,0,0,0,0
"RAJASTHAN","KOTA","RAMGANJMANDI",NA,NA,NA,NA,NA
"RAJASTHAN","KOTA","SANGOD",0,0,0,0,0
"RAJASTHAN","NAGAUR","DEEDWANA",NA,NA,NA,NA,NA
"RAJASTHAN","NAGAUR","DEGANA",0,0,0,0,0
"RAJASTHAN","NAGAUR","JAYAL",0,0,0,0,0
"RAJASTHAN","NAGAUR","LADNU",0,0,0,0,0
"RAJASTHAN","NAGAUR","MERTA",0,0,0,0,0
"RAJASTHAN","NAGAUR","NAGOUR",6,0,0,0,6
"RAJASTHAN","NAGAUR","NAWA",NA,NA,NA,NA,NA
"RAJASTHAN","NAGAUR","PARBATSAR",NA,NA,NA,NA,NA
"RAJASTHAN","PALI","BALI",NA,NA,NA,NA,NA
"RAJASTHAN","PALI","DESURI",NA,NA,NA,NA,NA
"RAJASTHAN","PALI","JAITARAN",0,0,0,0,0
"RAJASTHAN","PALI","MARWAR-JUNCTION",0,0,0,0,0
"RAJASTHAN","PALI","PALI",0,0,0,0,0
"RAJASTHAN","PALI","RAIPUR",NA,NA,NA,NA,NA
"RAJASTHAN","PALI","SOJAT",0,0,0,0,0
"RAJASTHAN","RAJSAMAND","AMET",NA,NA,NA,NA,NA
"RAJASTHAN","RAJSAMAND","BHIM",NA,NA,NA,NA,NA
"RAJASTHAN","RAJSAMAND","DEVGARH",NA,NA,NA,NA,NA
"RAJASTHAN","RAJSAMAND","KUMBHALGARH",NA,NA,NA,NA,NA
"RAJASTHAN","RAJSAMAND","NATHDWARA",0,0,0,0,0
"RAJASTHAN","RAJSAMAND","RAILMAGRA",NA,NA,NA,NA,NA
"RAJASTHAN","RAJSAMAND","RAJSAMAND",0,0,0,0,0
"RAJASTHAN","SAWAI-MADHOPUR","BAMANWAS",NA,NA,NA,NA,NA
"RAJASTHAN","SAWAI-MADHOPUR","BONLI",NA,NA,NA,NA,NA
"RAJASTHAN","SAWAI-MADHOPUR","GANGAPUR",NA,NA,NA,NA,NA
"RAJASTHAN","SAWAI-MADHOPUR","HINDON",NA,NA,NA,NA,NA
"RAJASTHAN","SAWAI-MADHOPUR","KARAULI",0,0,0,0,0
"RAJASTHAN","SAWAI-MADHOPUR","KHANDAR",NA,NA,NA,NA,NA
"RAJASTHAN","SAWAI-MADHOPUR","NADOTI",NA,NA,NA,NA,NA
"RAJASTHAN","SAWAI-MADHOPUR","SAWAI-MADHOPUR",NA,NA,NA,NA,NA
"RAJASTHAN","SAWAI-MADHOPUR","SPOTRA",NA,NA,NA,NA,NA
"RAJASTHAN","SAWAI-MADHOPUR","TODABHIM",NA,NA,NA,NA,NA
"RAJASTHAN","SIKAR","DATA-RAMGARH",NA,NA,NA,NA,NA
"RAJASTHAN","SIKAR","FATEHPUR",NA,NA,NA,NA,NA
"RAJASTHAN","SIKAR","LAXMANGARH",NA,NA,NA,NA,NA
"RAJASTHAN","SIKAR","NEEM KA THANA",NA,NA,NA,NA,NA
"RAJASTHAN","SIKAR","SHRI MADHOPUR",NA,NA,NA,NA,NA
"RAJASTHAN","SIKAR","SIKAR",NA,NA,NA,NA,NA
"RAJASTHAN","SIROHI","ABUROAD",NA,NA,NA,NA,NA
"RAJASTHAN","SIROHI","PINDWARA",NA,NA,NA,NA,NA
"RAJASTHAN","SIROHI","REVDAR",NA,NA,NA,NA,NA
"RAJASTHAN","SIROHI","SHIVGANJ",NA,NA,NA,NA,NA
"RAJASTHAN","SIROHI","SIROHI",NA,NA,NA,NA,NA
"RAJASTHAN","TONK","DEOLI",0,0,0,0,0
"RAJASTHAN","TONK","MALPURA",NA,NA,NA,NA,NA
"RAJASTHAN","TONK","NIWAI",NA,NA,NA,NA,NA
"RAJASTHAN","TONK","TODA-RAISINGH",NA,NA,NA,NA,NA
"RAJASTHAN","TONK","TONK",NA,NA,NA,NA,NA
"RAJASTHAN","TONK","UNIYARA",NA,NA,NA,NA,NA
"RAJASTHAN","UDAIPUR","DHARIABAD",NA,NA,NA,NA,NA
"RAJASTHAN","UDAIPUR","GIRWA",0,0,0,0,0
"RAJASTHAN","UDAIPUR","GOGUNDA",NA,NA,NA,NA,NA
"RAJASTHAN","UDAIPUR","HAVLI",0,0,0,0,0
"RAJASTHAN","UDAIPUR","JHADOL",NA,NA,NA,NA,NA
"RAJASTHAN","UDAIPUR","KHERWARA",NA,NA,NA,NA,NA
"RAJASTHAN","UDAIPUR","KOTAR",NA,NA,NA,NA,NA
"RAJASTHAN","UDAIPUR","SALUMBER",NA,NA,NA,NA,NA
"RAJASTHAN","UDAIPUR","SARADA",NA,NA,NA,NA,NA
"RAJASTHAN","UDAIPUR","VALLABHNAGAR",NA,NA,NA,NA,NA
"SIKKIM","EAST SIKKIM","AHO-YANGTAM",NA,NA,NA,NA,NA
"SIKKIM","EAST SIKKIM","AMBA",NA,NA,NA,NA,NA
"SIKKIM","EAST SIKKIM","ARITAR",NA,NA,NA,NA,NA
"SIKKIM","EAST SIKKIM","ASSAM-LINGZEY",NA,NA,NA,NA,NA
"SIKKIM","EAST SIKKIM","BYANG-PHENGYONG",NA,NA,NA,NA,NA
"SIKKIM","EAST SIKKIM","CENTRAL PENDAM",NA,NA,NA,NA,NA
"SIKKIM","EAST SIKKIM","CHANGE SENTI",NA,NA,NA,NA,NA
"SIKKIM","EAST SIKKIM","CHUJACHEN",NA,NA,NA,NA,NA
"SIKKIM","EAST SIKKIM","DHOLEPCHEN",NA,NA,NA,NA,NA
"SIKKIM","EAST SIKKIM","EAST PENDAM",NA,NA,NA,NA,NA
"SIKKIM","EAST SIKKIM","GNATHANG",NA,NA,NA,NA,NA
"SIKKIM","EAST SIKKIM","KHAMDONG",NA,NA,NA,NA,NA
"SIKKIM","EAST SIKKIM","LATUK-CHOCHENPEHRI",NA,NA,NA,NA,NA
"SIKKIM","EAST SIKKIM","LINGDOK-PENLONG",NA,NA,NA,NA,NA
"SIKKIM","EAST SIKKIM","LINGTAM PHADAMCHEN",NA,NA,NA,NA,NA
"SIKKIM","EAST SIKKIM","LINKEY-TARETHANG",NA,NA,NA,NA,NA
"SIKKIM","EAST SIKKIM","MARTAM-NAZITAM",NA,NA,NA,NA,NA
"SIKKIM","EAST SIKKIM","NAMCHEY BUNG",NA,NA,NA,NA,NA
"SIKKIM","EAST SIKKIM","PACHEYKHANI",NA,NA,NA,NA,NA
"SIKKIM","EAST SIKKIM","PAKYONG",NA,NA,NA,NA,NA
"SIKKIM","EAST SIKKIM","PREMLAKHA SUBANEDARA",NA,NA,NA,NA,NA
"SIKKIM","EAST SIKKIM","RAKDONG",NA,NA,NA,NA,NA
"SIKKIM","EAST SIKKIM","RANKA-BARBING",NA,NA,NA,NA,NA
"SIKKIM","EAST SIKKIM","RAWATER-RUMTEK",NA,NA,NA,NA,NA
"SIKKIM","EAST SIKKIM","REY-MENDU",NA,NA,NA,NA,NA
"SIKKIM","EAST SIKKIM","RHEGOH",NA,NA,NA,NA,NA
"SIKKIM","EAST SIKKIM","RHENAK-TARPIN",NA,NA,NA,NA,NA
"SIKKIM","EAST SIKKIM","RIWA-PARKHA",NA,NA,NA,NA,NA
"SIKKIM","EAST SIKKIM","ROLEP-LAMATEN",NA,NA,NA,NA,NA
"SIKKIM","EAST SIKKIM","SAMDUR",NA,NA,NA,NA,NA
"SIKKIM","EAST SIKKIM","SAMLIK-MARCHAK",NA,NA,NA,NA,NA
"SIKKIM","EAST SIKKIM","SICHEYGAON",NA,NA,NA,NA,NA
"SIKKIM","EAST SIKKIM","SIMIK-LINGZEY",NA,NA,NA,NA,NA
"SIKKIM","EAST SIKKIM","SUMEN-LINGZEY",NA,NA,NA,NA,NA
"SIKKIM","EAST SIKKIM","SUNDUNGLAKHA",NA,NA,NA,NA,NA
"SIKKIM","EAST SIKKIM","TAZA",NA,NA,NA,NA,NA
"SIKKIM","EAST SIKKIM","THATHANGCHEN",NA,NA,NA,NA,NA
"SIKKIM","EAST SIKKIM","TUMEN KAMBAL",NA,NA,NA,NA,NA
"SIKKIM","EAST SIKKIM","WEST PENDAM",NA,NA,NA,NA,NA
"SIKKIM","NORTH SIKKIM","BARFOK-LINGDONG",NA,NA,NA,NA,NA
"SIKKIM","NORTH SIKKIM","HEE-GYATHANG",NA,NA,NA,NA,NA
"SIKKIM","NORTH SIKKIM","KABI-TINGDA",NA,NA,NA,NA,NA
"SIKKIM","NORTH SIKKIM","LACHEN",NA,NA,NA,NA,NA
"SIKKIM","NORTH SIKKIM","LACHUNG",NA,NA,NA,NA,NA
"SIKKIM","NORTH SIKKIM","LINGTHEM-LINGDEM",NA,NA,NA,NA,NA
"SIKKIM","NORTH SIKKIM","LUM-GOR-SANGTOK",NA,NA,NA,NA,NA
"SIKKIM","NORTH SIKKIM","MEN RONGONG",NA,NA,NA,NA,NA
"SIKKIM","NORTH SIKKIM","NAMOK-SHEYAM",NA,NA,NA,NA,NA
"SIKKIM","NORTH SIKKIM","PHENSONG",NA,NA,NA,NA,NA
"SIKKIM","NORTH SIKKIM","RAMTHANG-TANGYEK",NA,NA,NA,NA,NA
"SIKKIM","NORTH SIKKIM","RINGHIM-NAMPATAM",NA,NA,NA,NA,NA
"SIKKIM","NORTH SIKKIM","RONGONG-TUMLANG",NA,NA,NA,NA,NA
"SIKKIM","NORTH SIKKIM","SAKYONG-PENTUNG",NA,NA,NA,NA,NA
"SIKKIM","NORTH SIKKIM","SHIP-GER",NA,NA,NA,NA,NA
"SIKKIM","NORTH SIKKIM","TINGBONG",NA,NA,NA,NA,NA
"SIKKIM","NORTH SIKKIM","TINGCHIM-MANGSHILA",NA,NA,NA,NA,NA
"SIKKIM","NORTH SIKKIM","TSUNGTHANG",NA,NA,NA,NA,NA
"SIKKIM","NORTH SIKKIM","TUNG-NAGA",NA,NA,NA,NA,NA
"SIKKIM","SOUTH SIKKIM","ASSANGTHANG",NA,NA,NA,NA,NA
"SIKKIM","SOUTH SIKKIM","BARFUNG-ZURUNG",NA,NA,NA,NA,NA
"SIKKIM","SOUTH SIKKIM","BARNYAK-TOKAL",NA,NA,NA,NA,NA
"SIKKIM","SOUTH SIKKIM","BEN-NAMPHRIK",NA,NA,NA,NA,NA
"SIKKIM","SOUTH SIKKIM","BRONG-PHAMTHANG",NA,NA,NA,NA,NA
"SIKKIM","SOUTH SIKKIM","DAMTHANG",NA,NA,NA,NA,NA
"SIKKIM","SOUTH SIKKIM","KEWZING-BAKKHIM",NA,NA,NA,NA,NA
"SIKKIM","SOUTH SIKKIM","LAMTING-TINGMO",NA,NA,NA,NA,NA
"SIKKIM","SOUTH SIKKIM","LIKSHIP",NA,NA,NA,NA,NA
"SIKKIM","SOUTH SIKKIM","LINGI PAIYONG",NA,NA,NA,NA,NA
"SIKKIM","SOUTH SIKKIM","LINGMO-KOLTHANG",NA,NA,NA,NA,NA
"SIKKIM","SOUTH SIKKIM","LONGCHOK-KAMAREY",NA,NA,NA,NA,NA
"SIKKIM","SOUTH SIKKIM","MAMLEY-KAMRANG",NA,NA,NA,NA,NA
"SIKKIM","SOUTH SIKKIM","MANIRAM-PHALIDARA",NA,NA,NA,NA,NA
"SIKKIM","SOUTH SIKKIM","MELLIDARA-PAIYONG",NA,NA,NA,NA,NA
"SIKKIM","SOUTH SIKKIM","MIKKHOLA-KITAM",NA,NA,NA,NA,NA
"SIKKIM","SOUTH SIKKIM","NAGI-MANEYDARA",NA,NA,NA,NA,NA
"SIKKIM","SOUTH SIKKIM","NAMPHING",NA,NA,NA,NA,NA
"SIKKIM","SOUTH SIKKIM","PARBING-CHUBA",NA,NA,NA,NA,NA
"SIKKIM","SOUTH SIKKIM","POKLOK-DENCHUNG",NA,NA,NA,NA,NA
"SIKKIM","SOUTH SIKKIM","RABONG-SANGMO",NA,NA,NA,NA,NA
"SIKKIM","SOUTH SIKKIM","RALONG-NAMLUNG",NA,NA,NA,NA,NA
"SIKKIM","SOUTH SIKKIM","RATEYPANI",NA,NA,NA,NA,NA
"SIKKIM","SOUTH SIKKIM","RONGBUL",NA,NA,NA,NA,NA
"SIKKIM","SOUTH SIKKIM","SADAM SUKRABREY",NA,NA,NA,NA,NA
"SIKKIM","SOUTH SIKKIM","SALGHARI",NA,NA,NA,NA,NA
"SIKKIM","SOUTH SIKKIM","SANGHANATH",NA,NA,NA,NA,NA
"SIKKIM","SOUTH SIKKIM","SINGHTHANG",NA,NA,NA,NA,NA
"SIKKIM","SOUTH SIKKIM","SOROK-SHYAMPANI",NA,NA,NA,NA,NA
"SIKKIM","SOUTH SIKKIM","SRIPATAM-NEH BRUM",NA,NA,NA,NA,NA
"SIKKIM","SOUTH SIKKIM","SUMBUK-KARTICHEY",NA,NA,NA,NA,NA
"SIKKIM","SOUTH SIKKIM","TEMI-TARKU",NA,NA,NA,NA,NA
"SIKKIM","SOUTH SIKKIM","TINGKITAM-RAYONG",NA,NA,NA,NA,NA
"SIKKIM","SOUTH SIKKIM","TURUK-RAMABUNG",NA,NA,NA,NA,NA
"SIKKIM","SOUTH SIKKIM","TURUNG-PAMPHOK",NA,NA,NA,NA,NA
"SIKKIM","SOUTH SIKKIM","WAK-OMCHU",NA,NA,NA,NA,NA
"SIKKIM","SOUTH SIKKIM","YANGANG-RANGANG",NA,NA,NA,NA,NA
"SIKKIM","WEST SIKKIM","ARITHANG CHONGRANG",NA,NA,NA,NA,NA
"SIKKIM","WEST SIKKIM","BANGTEN-KARMATAR",NA,NA,NA,NA,NA
"SIKKIM","WEST SIKKIM","BARNYAK-MARTAM",NA,NA,NA,NA,NA
"SIKKIM","WEST SIKKIM","CHAKUNG",NA,NA,NA,NA,NA
"SIKKIM","WEST SIKKIM","CHINTHANG",NA,NA,NA,NA,NA
"SIKKIM","WEST SIKKIM","CHUMBONG",NA,NA,NA,NA,NA
"SIKKIM","WEST SIKKIM","DARAP",NA,NA,NA,NA,NA
"SIKKIM","WEST SIKKIM","DENTAM",NA,NA,NA,NA,NA
"SIKKIM","WEST SIKKIM","DEYTHANG",NA,NA,NA,NA,NA
"SIKKIM","WEST SIKKIM","DODAK BURIKHOP",NA,NA,NA,NA,NA
"SIKKIM","WEST SIKKIM","GERETHANG",NA,NA,NA,NA,NA
"SIKKIM","WEST SIKKIM","GYALSHING-UMCHUNG",NA,NA,NA,NA,NA
"SIKKIM","WEST SIKKIM","HEE",NA,NA,NA,NA,NA
"SIKKIM","WEST SIKKIM","KARCHI MANGNAM",NA,NA,NA,NA,NA
"SIKKIM","WEST SIKKIM","KHANISHRBUNG-SAMDONG",NA,NA,NA,NA,NA
"SIKKIM","WEST SIKKIM","KONGRI LABDANG",NA,NA,NA,NA,NA
"SIKKIM","WEST SIKKIM","LINGCHOM-TIKJYA",NA,NA,NA,NA,NA
"SIKKIM","WEST SIKKIM","LONGCHOK-SALYANGDANG",NA,NA,NA,NA,NA
"SIKKIM","WEST SIKKIM","LOWER-FAMBONG",NA,NA,NA,NA,NA
"SIKKIM","WEST SIKKIM","MALBASEY",NA,NA,NA,NA,NA
"SIKKIM","WEST SIKKIM","MANEYBUNG-SOPAKHA",NA,NA,NA,NA,NA
"SIKKIM","WEST SIKKIM","MELLI",NA,NA,NA,NA,NA
"SIKKIM","WEST SIKKIM","OKHEREY",NA,NA,NA,NA,NA
"SIKKIM","WEST SIKKIM","RUMBUK",NA,NA,NA,NA,NA
"SIKKIM","WEST SIKKIM","SAMDONG",NA,NA,NA,NA,NA
"SIKKIM","WEST SIKKIM","SAMSING-GELING",NA,NA,NA,NA,NA
"SIKKIM","WEST SIKKIM","SANGDORJI-RINCHNPONG",NA,NA,NA,NA,NA
"SIKKIM","WEST SIKKIM","SANGKHU-RADUKHANDU",NA,NA,NA,NA,NA
"SIKKIM","WEST SIKKIM","SARDONG-LUNGZIK",NA,NA,NA,NA,NA
"SIKKIM","WEST SIKKIM","SIKTAM-TIKPUR",NA,NA,NA,NA,NA
"SIKKIM","WEST SIKKIM","SINGLING",NA,NA,NA,NA,NA
"SIKKIM","WEST SIKKIM","SINGYANG-CHONGRUNG",NA,NA,NA,NA,NA
"SIKKIM","WEST SIKKIM","SORENG",NA,NA,NA,NA,NA
"SIKKIM","WEST SIKKIM","SULDUNG-MABONG",NA,NA,NA,NA,NA
"SIKKIM","WEST SIKKIM","TAKOTHANG",NA,NA,NA,NA,NA
"SIKKIM","WEST SIKKIM","TASHIDING",NA,NA,NA,NA,NA
"SIKKIM","WEST SIKKIM","THINGLE-KHACHODPALRI",NA,NA,NA,NA,NA
"SIKKIM","WEST SIKKIM","TIMBURBONG",NA,NA,NA,NA,NA
"SIKKIM","WEST SIKKIM","UPPER-FAMBONG",NA,NA,NA,NA,NA
"SIKKIM","WEST SIKKIM","YANGTEN",NA,NA,NA,NA,NA
"SIKKIM","WEST SIKKIM","YANGTHANG-KYONGSA",NA,NA,NA,NA,NA
"SIKKIM","WEST SIKKIM","YUKSAM",NA,NA,NA,NA,NA
"SIKKIM","WEST SIKKIM","ZOOM",NA,NA,NA,NA,NA
"TAMIL NADU","COIMBATORE","ANNAIMALAI",0,0,0,0,0
"TAMIL NADU","COIMBATORE","ANNUR",0,0,0,0,0
"TAMIL NADU","COIMBATORE","AVINASHI",0,0,0,0,0
"TAMIL NADU","COIMBATORE","GUDIMANGALAM",0,0,0,0,0
"TAMIL NADU","COIMBATORE","KARRMADAI",1,0,0,0,1
"TAMIL NADU","COIMBATORE","KINATHUKADAVU",0,0,0,0,0
"TAMIL NADU","COIMBATORE","MADATHUKULAM",0,0,0,0,0
"TAMIL NADU","COIMBATORE","MADDUKARI",0,0,0,0,0
"TAMIL NADU","COIMBATORE","PALLADAM",0,0,0,0,0
"TAMIL NADU","COIMBATORE","PERIANACKENPALAYAM",45,0,0,0,45
"TAMIL NADU","COIMBATORE","PERUR",5,0,9,0,14
"TAMIL NADU","COIMBATORE","POLLACHI NORTH",0,0,0,0,0
"TAMIL NADU","COIMBATORE","POLLACHI SOUTH",0,0,0,0,0
"TAMIL NADU","COIMBATORE","PONGALUR",0,0,0,0,0
"TAMIL NADU","COIMBATORE","SARKARSAMAKULAM",0,0,0,0,0
"TAMIL NADU","COIMBATORE","SULTHANPETTAI",0,0,0,0,0
"TAMIL NADU","COIMBATORE","SULUR",0,0,0,0,0
"TAMIL NADU","COIMBATORE","THONDAMUTHUR",67,4,193,3,267
"TAMIL NADU","COIMBATORE","TIRUPUR",14,0,0,38,52
"TAMIL NADU","COIMBATORE","UDUMALAIPETTAI",0,0,0,0,0
"TAMIL NADU","CUDDALORE","ANNAGARAM",7,0,0,0,7
"TAMIL NADU","CUDDALORE","BHUVANAGIRI",141,372,0,0,513
"TAMIL NADU","CUDDALORE","KADALUR",0,0,0,0,0
"TAMIL NADU","CUDDALORE","KAMMAPURAM",5,11,0,150,166
"TAMIL NADU","CUDDALORE","KATTUMANNARKOIL",584,140,60,10,794
"TAMIL NADU","CUDDALORE","KEERAPALAYAM",212,301,0,2,515
"TAMIL NADU","CUDDALORE","KUMARATCHI",582,464,7,1,1054
"TAMIL NADU","CUDDALORE","KURINJIPADI",0,7,39,0,46
"TAMIL NADU","CUDDALORE","MANGALORE",NA,NA,NA,NA,NA
"TAMIL NADU","CUDDALORE","NALLUR",7,13,0,0,20
"TAMIL NADU","CUDDALORE","PANRUTI",0,0,0,0,0
"TAMIL NADU","CUDDALORE","PARANGIPETTAI",2,1,0,0,3
"TAMIL NADU","CUDDALORE","VIRUDHACHALAM",0,0,0,0,0
"TAMIL NADU","DHARMAPURI","BARGUR",NA,NA,NA,NA,NA
"TAMIL NADU","DHARMAPURI","DHRMAPURI",NA,NA,NA,NA,NA
"TAMIL NADU","DHARMAPURI","HARUR",NA,NA,NA,NA,NA
"TAMIL NADU","DHARMAPURI","HOSUR",0,0,0,0,0
"TAMIL NADU","DHARMAPURI","KARIMANGALAM",NA,NA,NA,NA,NA
"TAMIL NADU","DHARMAPURI","KAVERIPATTINAM",NA,NA,NA,NA,NA
"TAMIL NADU","DHARMAPURI","KELAMANGALAM",NA,NA,NA,NA,NA
"TAMIL NADU","DHARMAPURI","KRISHNAGIRI",NA,NA,NA,NA,NA
"TAMIL NADU","DHARMAPURI","MATHUR",NA,NA,NA,NA,NA
"TAMIL NADU","DHARMAPURI","MORAPPUR",NA,NA,NA,NA,NA
"TAMIL NADU","DHARMAPURI","NALLAMPALLI",0,0,0,0,0
"TAMIL NADU","DHARMAPURI","PALACODE",NA,NA,NA,NA,NA
"TAMIL NADU","DHARMAPURI","PAPPIREDDIPATTI",NA,NA,NA,NA,NA
"TAMIL NADU","DHARMAPURI","PENNAGARAM",NA,NA,NA,NA,NA
"TAMIL NADU","DHARMAPURI","SHOOLAGIRI",NA,NA,NA,NA,NA
"TAMIL NADU","DHARMAPURI","THALLY",NA,NA,NA,NA,NA
"TAMIL NADU","DHARMAPURI","UTHANGARAI",NA,NA,NA,NA,NA
"TAMIL NADU","DHARMAPURI","VEPPANAPALLI",NA,NA,NA,NA,NA
"TAMIL NADU","DINDIGUL","ATHOOR",0,2,3,0,5
"TAMIL NADU","DINDIGUL","BATLAGUNDU",NA,NA,NA,NA,NA
"TAMIL NADU","DINDIGUL","DINDIGUL",0,0,0,0,0
"TAMIL NADU","DINDIGUL","GUZILIAMPARAI",0,0,0,0,0
"TAMIL NADU","DINDIGUL","KODAIKANAL",NA,NA,NA,NA,NA
"TAMIL NADU","DINDIGUL","NATHAM",NA,NA,NA,NA,NA
"TAMIL NADU","DINDIGUL","NILAKOTTAI",NA,NA,NA,NA,NA
"TAMIL NADU","DINDIGUL","ODDANCHATRAM",0,0,0,0,0
"TAMIL NADU","DINDIGUL","PALANI",0,0,0,0,0
"TAMIL NADU","DINDIGUL","REDDIYARCHATRAM",NA,NA,NA,NA,NA
"TAMIL NADU","DINDIGUL","SHANARPATTI",NA,NA,NA,NA,NA
"TAMIL NADU","DINDIGUL","THOPPAMPATTI",0,0,0,0,0
"TAMIL NADU","DINDIGUL","VADAMADURAI",0,0,0,0,0
"TAMIL NADU","DINDIGUL","VEDASANDUR",NA,NA,NA,NA,NA
"TAMIL NADU","ERODE","AMMAPETTAI",0,0,0,0,0
"TAMIL NADU","ERODE","ANTHIYUR",0,0,0,0,0
"TAMIL NADU","ERODE","BHAVANI",0,0,0,0,0
"TAMIL NADU","ERODE","BHAVANI SAGAR",0,0,0,0,0
"TAMIL NADU","ERODE","CHENNIMALAI",370,30,11,3,414
"TAMIL NADU","ERODE","DHARAPURAM",0,0,0,0,0
"TAMIL NADU","ERODE","ERODE",0,0,0,0,0
"TAMIL NADU","ERODE","GOBI",64,36,1,0,101
"TAMIL NADU","ERODE","GUNDADAM",NA,NA,NA,NA,NA
"TAMIL NADU","ERODE","KANGAYAM",0,0,0,0,0
"TAMIL NADU","ERODE","KODUMUDI",NA,NA,NA,NA,NA
"TAMIL NADU","ERODE","MODA KURICHI",NA,NA,NA,NA,NA
"TAMIL NADU","ERODE","MOOLANUR",NA,NA,NA,NA,NA
"TAMIL NADU","ERODE","NAMBIYUR",0,0,0,0,0
"TAMIL NADU","ERODE","PERUNDURAI",170,18,3,6,197
"TAMIL NADU","ERODE","SATHYAMANGALAM",0,0,0,0,0
"TAMIL NADU","ERODE","T.N.PALAYAM",0,0,0,0,0
"TAMIL NADU","ERODE","THALAVADI",0,0,0,0,0
"TAMIL NADU","ERODE","UTHUKUZLI",5,0,1,0,6
"TAMIL NADU","ERODE","VELLAKOIL",NA,NA,NA,NA,NA
"TAMIL NADU","KANCHIPURAM","ACHARAPAKKAM",NA,NA,NA,NA,NA
"TAMIL NADU","KANCHIPURAM","CHITHAMUR",0,0,0,0,0
"TAMIL NADU","KANCHIPURAM","KANCHIPURAM",NA,NA,NA,NA,NA
"TAMIL NADU","KANCHIPURAM","KATTANKOLATHUR",NA,NA,NA,NA,NA
"TAMIL NADU","KANCHIPURAM","KUNDRATHUR",NA,NA,NA,NA,NA
"TAMIL NADU","KANCHIPURAM","LATHUR",NA,NA,NA,NA,NA
"TAMIL NADU","KANCHIPURAM","MADURANTHAGAM",NA,NA,NA,NA,NA
"TAMIL NADU","KANCHIPURAM","SRIPERUMBUDUR",NA,NA,NA,NA,NA
"TAMIL NADU","KANCHIPURAM","ST.THOMAS MOUNT",NA,NA,NA,NA,NA
"TAMIL NADU","KANCHIPURAM","THIRUKKALUKUNDRAM",NA,NA,NA,NA,NA
"TAMIL NADU","KANCHIPURAM","THIRUPORUR",NA,NA,NA,NA,NA
"TAMIL NADU","KANCHIPURAM","UTHIRAMERUR",NA,NA,NA,NA,NA
"TAMIL NADU","KANCHIPURAM","WALAJABAD",NA,NA,NA,NA,NA
"TAMIL NADU","KANNIYAKUMARI","AGASTEESWARAM",NA,NA,NA,NA,NA
"TAMIL NADU","KANNIYAKUMARI","KILLIYOOR",NA,NA,NA,NA,NA
"TAMIL NADU","KANNIYAKUMARI","KURUNTHENCODE",0,0,0,0,0
"TAMIL NADU","KANNIYAKUMARI","MELPURAM",NA,NA,NA,NA,NA
"TAMIL NADU","KANNIYAKUMARI","MUNCHIRAI",NA,NA,NA,NA,NA
"TAMIL NADU","KANNIYAKUMARI","RAJAKKAMANGALAM",NA,NA,NA,NA,NA
"TAMIL NADU","KANNIYAKUMARI","THIRUVATTAR",NA,NA,NA,NA,NA
"TAMIL NADU","KANNIYAKUMARI","THOVALAI",NA,NA,NA,NA,NA
"TAMIL NADU","KANNIYAKUMARI","THUCKALAY",NA,NA,NA,NA,NA
"TAMIL NADU","KARUR","ARAVAKURICHI",NA,NA,NA,NA,NA
"TAMIL NADU","KARUR","K.PARAMATHI",NA,NA,NA,NA,NA
"TAMIL NADU","KARUR","KADAVUR",0,0,0,0,0
"TAMIL NADU","KARUR","KARUR",NA,NA,NA,NA,NA
"TAMIL NADU","KARUR","KRISHNARAYAPURAM",0,0,0,0,0
"TAMIL NADU","KARUR","KULITHALAI",NA,NA,NA,NA,NA
"TAMIL NADU","KARUR","THANTHONI",0,0,0,0,0
"TAMIL NADU","KARUR","THOGAMALAI",NA,NA,NA,NA,NA
"TAMIL NADU","MADRAS","",NA,NA,NA,NA,NA
"TAMIL NADU","MADURAI","ALANGANALLUR",NA,NA,NA,NA,NA
"TAMIL NADU","MADURAI","CHELLAMPATTI",NA,NA,NA,NA,NA
"TAMIL NADU","MADURAI","KALLIKUDI",NA,NA,NA,NA,NA
"TAMIL NADU","MADURAI","KOTTAMPATTI",0,0,0,0,0
"TAMIL NADU","MADURAI","MADURAI EAST",NA,NA,NA,NA,NA
"TAMIL NADU","MADURAI","MADURAI WEST",NA,NA,NA,NA,NA
"TAMIL NADU","MADURAI","MELUR",NA,NA,NA,NA,NA
"TAMIL NADU","MADURAI","SEDAPATTI",NA,NA,NA,NA,NA
"TAMIL NADU","MADURAI","T.KALLUPATTI",NA,NA,NA,NA,NA
"TAMIL NADU","MADURAI","TIRUMANGALAM",NA,NA,NA,NA,NA
"TAMIL NADU","MADURAI","TIRUPPARANGUNDRAM",NA,NA,NA,NA,NA
"TAMIL NADU","MADURAI","USILAMPATTI",NA,NA,NA,NA,NA
"TAMIL NADU","MADURAI","VADIPATTI",NA,NA,NA,NA,NA
"TAMIL NADU","NAGAPATTINAM","KEELAIYUR",NA,NA,NA,NA,NA
"TAMIL NADU","NAGAPATTINAM","KEEVALUR",NA,NA,NA,NA,NA
"TAMIL NADU","NAGAPATTINAM","KOLLLIDAM",61,0,0,0,61
"TAMIL NADU","NAGAPATTINAM","KUTTALAM",NA,NA,NA,NA,NA
"TAMIL NADU","NAGAPATTINAM","MAYILADUTHURAI",NA,NA,NA,NA,NA
"TAMIL NADU","NAGAPATTINAM","NAGAPATTINAM",NA,NA,NA,NA,NA
"TAMIL NADU","NAGAPATTINAM","SEMBANARKOIL",NA,NA,NA,NA,NA
"TAMIL NADU","NAGAPATTINAM","SIRKALI",NA,NA,NA,NA,NA
"TAMIL NADU","NAGAPATTINAM","THALANAYAR",NA,NA,NA,NA,NA
"TAMIL NADU","NAGAPATTINAM","THIRUMARUGAL",NA,NA,NA,NA,NA
"TAMIL NADU","NAGAPATTINAM","VEDARANYAM",NA,NA,NA,NA,NA
"TAMIL NADU","NAMAKKAL","ELACHIPALAYAM",NA,NA,NA,NA,NA
"TAMIL NADU","NAMAKKAL","ERUMAPPATTI",111,3,0,0,114
"TAMIL NADU","NAMAKKAL","KABILAR MALAI",49,0,0,0,49
"TAMIL NADU","NAMAKKAL","KOLLI HILLS",NA,NA,NA,NA,NA
"TAMIL NADU","NAMAKKAL","MALLASAMUDRAM",NA,NA,NA,NA,NA
"TAMIL NADU","NAMAKKAL","MOHANUR",27,0,0,0,27
"TAMIL NADU","NAMAKKAL","NAMAGIRI PAT",133,0,0,0,133
"TAMIL NADU","NAMAKKAL","NAMAKKAL",NA,NA,NA,NA,NA
"TAMIL NADU","NAMAKKAL","PALLIPALAYAM",7,0,0,0,7
"TAMIL NADU","NAMAKKAL","PARAMATHY",57,0,0,0,57
"TAMIL NADU","NAMAKKAL","PUDUCHATRAM",98,0,0,0,98
"TAMIL NADU","NAMAKKAL","RASIPURAM",41,0,0,0,41
"TAMIL NADU","NAMAKKAL","SENDAMANGALAM",NA,NA,NA,NA,NA
"TAMIL NADU","NAMAKKAL","TIRUNCHENGODE",90,0,1,1,92
"TAMIL NADU","NAMAKKAL","VENNANDUR",NA,NA,NA,NA,NA
"TAMIL NADU","PERAMBALUR","ALATHUR",NA,NA,NA,NA,NA
"TAMIL NADU","PERAMBALUR","ANDIMADAM",0,43,0,0,43
"TAMIL NADU","PERAMBALUR","ARIYALUR",0,0,0,0,0
"TAMIL NADU","PERAMBALUR","JAYANKONDAM",0,0,0,0,0
"TAMIL NADU","PERAMBALUR","PERAMBALUR",NA,NA,NA,NA,NA
"TAMIL NADU","PERAMBALUR","SENTHURAI",0,0,0,0,0
"TAMIL NADU","PERAMBALUR","T.PALUR",38,0,0,0,38
"TAMIL NADU","PERAMBALUR","THIRUMANUR",0,10,0,0,10
"TAMIL NADU","PERAMBALUR","VAPPANTHATTAI",0,0,0,0,0
"TAMIL NADU","PERAMBALUR","VEPPORE",NA,NA,NA,NA,NA
"TAMIL NADU","PUDUKOTTAI","ANNAVASAL",0,0,0,0,0
"TAMIL NADU","PUDUKOTTAI","ARANTHANGI",344,47,109,13,513
"TAMIL NADU","PUDUKOTTAI","ARIMALAM",7,10,0,0,17
"TAMIL NADU","PUDUKOTTAI","AVUDAIYARKOIL",0,0,0,0,0
"TAMIL NADU","PUDUKOTTAI","GANDRAVAKOTTAI",44,14,0,0,58
"TAMIL NADU","PUDUKOTTAI","KARAMBAKUDI",2,4,0,0,6
"TAMIL NADU","PUDUKOTTAI","KUNNANDARKOIL",0,0,0,0,0
"TAMIL NADU","PUDUKOTTAI","MANAMELKUDI",0,0,0,0,0
"TAMIL NADU","PUDUKOTTAI","PONNAMARAVATHI",NA,NA,NA,NA,NA
"TAMIL NADU","PUDUKOTTAI","PUDUKKOTTAI",0,0,0,0,0
"TAMIL NADU","PUDUKOTTAI","THIRUMAYAM",0,0,0,0,0
"TAMIL NADU","PUDUKOTTAI","THIRUVARANKULAM",0,0,0,0,0
"TAMIL NADU","PUDUKOTTAI","VIRALIMALAI",0,0,0,0,0
"TAMIL NADU","RAMNATHAPURAM","BOGALUR",0,0,0,0,0
"TAMIL NADU","RAMNATHAPURAM","KADALADI",NA,NA,NA,NA,NA
"TAMIL NADU","RAMNATHAPURAM","KAMUTHI",NA,NA,NA,NA,NA
"TAMIL NADU","RAMNATHAPURAM","MANDAPAM",NA,NA,NA,NA,NA
"TAMIL NADU","RAMNATHAPURAM","MUDUKULATHUR",26,6,0,0,32
"TAMIL NADU","RAMNATHAPURAM","NAINARKOIL",0,0,0,0,0
"TAMIL NADU","RAMNATHAPURAM","PARAMAKUDI",10,9,0,0,19
"TAMIL NADU","RAMNATHAPURAM","R.S. MANGALAM",0,0,0,0,0
"TAMIL NADU","RAMNATHAPURAM","RAMNAD",NA,NA,NA,NA,NA
"TAMIL NADU","RAMNATHAPURAM","THIRUPULANI",NA,NA,NA,NA,NA
"TAMIL NADU","RAMNATHAPURAM","THIRUVADANAI",0,0,0,0,0
"TAMIL NADU","SALEM","ATTUR",42,0,0,0,42
"TAMIL NADU","SALEM","AYOTHIYAPATTANAM",NA,NA,NA,NA,NA
"TAMIL NADU","SALEM","EDAPPADI",0,0,0,0,0
"TAMIL NADU","SALEM","GANGAVALLI",0,0,0,0,0
"TAMIL NADU","SALEM","KADAYAAMPATTI",147,0,0,0,147
"TAMIL NADU","SALEM","KOLATHUR",84,0,0,0,84
"TAMIL NADU","SALEM","KONGANAPURAM",0,0,0,0,0
"TAMIL NADU","SALEM","MAGUNDAMCHAVDI",0,0,0,0,0
"TAMIL NADU","SALEM","MECHERI",48,0,0,0,48
"TAMIL NADU","SALEM","NANGAVALLI",4,0,0,0,4
"TAMIL NADU","SALEM","OMALUR",174,0,0,0,174
"TAMIL NADU","SALEM","PANAMARATHUPATTI",0,0,0,0,0
"TAMIL NADU","SALEM","PEDDANAICKENPALAYAM",113,0,0,0,113
"TAMIL NADU","SALEM","SALEM",NA,NA,NA,NA,NA
"TAMIL NADU","SALEM","SANGAGRI",0,0,0,0,0
"TAMIL NADU","SALEM","THALAIVASAL",NA,NA,NA,NA,NA
"TAMIL NADU","SALEM","THARAMANGALAM",84,0,0,0,84
"TAMIL NADU","SALEM","VAZHAPPAADI",NA,NA,NA,NA,NA
"TAMIL NADU","SALEM","VEERAPANDI",1,0,0,0,1
"TAMIL NADU","SALEM","YERCAUD",NA,NA,NA,NA,NA
"TAMIL NADU","SIVAGANGA","DEVAKOTTAI",1,10,0,0,11
"TAMIL NADU","SIVAGANGA","ILAYANKUDI",0,0,0,0,0
"TAMIL NADU","SIVAGANGA","KALAIYARKOIL",0,0,0,0,0
"TAMIL NADU","SIVAGANGA","KALLAL",0,0,0,0,0
"TAMIL NADU","SIVAGANGA","KANNANKUDI",0,15,0,0,15
"TAMIL NADU","SIVAGANGA","MANAMADURAI",NA,NA,NA,NA,NA
"TAMIL NADU","SIVAGANGA","S.PUDUR",NA,NA,NA,NA,NA
"TAMIL NADU","SIVAGANGA","SAKKOTTAI",0,184,46,1,231
"TAMIL NADU","SIVAGANGA","SINGAMPUNARI",0,0,0,0,0
"TAMIL NADU","SIVAGANGA","SIVAGANGA",NA,NA,NA,NA,NA
"TAMIL NADU","SIVAGANGA","THIRUPPATUR",0,0,0,0,0
"TAMIL NADU","SIVAGANGA","THIRUPPUVANAM",0,0,0,0,0
"TAMIL NADU","THANJAVUR","AMMAPETTAI",303,18,0,0,321
"TAMIL NADU","THANJAVUR","BUDALUR",NA,NA,NA,NA,NA
"TAMIL NADU","THANJAVUR","KUMBAKONAM",NA,NA,NA,NA,NA
"TAMIL NADU","THANJAVUR","MADUKKUR",0,29,118,0,147
"TAMIL NADU","THANJAVUR","ORATHANAD",0,0,0,0,0
"TAMIL NADU","THANJAVUR","PAPANASAM",NA,NA,NA,NA,NA
"TAMIL NADU","THANJAVUR","PATTUKOTTAI",9,451,107,3,570
"TAMIL NADU","THANJAVUR","PERAVURANI",13,179,6,1,199
"TAMIL NADU","THANJAVUR","SETHUBASATHIRAM",0,0,0,1,1
"TAMIL NADU","THANJAVUR","THANJAVUR",40,41,21,0,102
"TAMIL NADU","THANJAVUR","THIRUPPANANTHAL",NA,NA,NA,NA,NA
"TAMIL NADU","THANJAVUR","THIRUVAIYARU",NA,NA,NA,NA,NA
"TAMIL NADU","THANJAVUR","THIRUVIDAIMARUDUR",10,8,0,0,18
"TAMIL NADU","THANJAVUR","THIRUVONAM",261,262,15,0,538
"TAMIL NADU","THANJAVUR","VALANGAIMAN",NA,NA,NA,NA,NA
"TAMIL NADU","THE NILGIRIS","COONOOR",NA,NA,NA,NA,NA
"TAMIL NADU","THE NILGIRIS","GUDALUR",NA,NA,NA,NA,NA
"TAMIL NADU","THE NILGIRIS","KOTAGIRI",NA,NA,NA,NA,NA
"TAMIL NADU","THE NILGIRIS","UDHAGAMANDALAM",NA,NA,NA,NA,NA
"TAMIL NADU","THENI","ANDIPATTI",NA,NA,NA,NA,NA
"TAMIL NADU","THENI","BODI",0,0,0,0,0
"TAMIL NADU","THENI","CHINNAMANUR",NA,NA,NA,NA,NA
"TAMIL NADU","THENI","CUMBUM",0,0,0,0,0
"TAMIL NADU","THENI","KADAMALAIKUNDU",NA,NA,NA,NA,NA
"TAMIL NADU","THENI","PERIYAKULAM",NA,NA,NA,NA,NA
"TAMIL NADU","THENI","THENI",NA,NA,NA,NA,NA
"TAMIL NADU","THENI","UTHAMAPALAYAM",NA,NA,NA,NA,NA
"TAMIL NADU","THOOTHUGUDI","ALWARTHIRUNAGARI",NA,NA,NA,NA,NA
"TAMIL NADU","THOOTHUGUDI","KARUNGULAM",NA,NA,NA,NA,NA
"TAMIL NADU","THOOTHUGUDI","KAYATHAR",NA,NA,NA,NA,NA
"TAMIL NADU","THOOTHUGUDI","KOVILPATTI",NA,NA,NA,NA,NA
"TAMIL NADU","THOOTHUGUDI","OTTAPIDARAM",NA,NA,NA,NA,NA
"TAMIL NADU","THOOTHUGUDI","PUDUR",NA,NA,NA,NA,NA
"TAMIL NADU","THOOTHUGUDI","SATTANKULAM",NA,NA,NA,NA,NA
"TAMIL NADU","THOOTHUGUDI","SRIVAIKUNTAM",NA,NA,NA,NA,NA
"TAMIL NADU","THOOTHUGUDI","THOOTHUKKUDI",NA,NA,NA,NA,NA
"TAMIL NADU","THOOTHUGUDI","TIRUCHENDUR",NA,NA,NA,NA,NA
"TAMIL NADU","THOOTHUGUDI","UDANGUDI",NA,NA,NA,NA,NA
"TAMIL NADU","THOOTHUGUDI","VILATHIKULAM",NA,NA,NA,NA,NA
"TAMIL NADU","TIRUNELVELI","ALANKULAM",0,0,0,0,0
"TAMIL NADU","TIRUNELVELI","AMBASAMUDRAM",NA,NA,NA,NA,NA
"TAMIL NADU","TIRUNELVELI","CHERMADEVI",NA,NA,NA,NA,NA
"TAMIL NADU","TIRUNELVELI","KADAYAM",NA,NA,NA,NA,NA
"TAMIL NADU","TIRUNELVELI","KADAYANALLUR",NA,NA,NA,NA,NA
"TAMIL NADU","TIRUNELVELI","KALAKADU",NA,NA,NA,NA,NA
"TAMIL NADU","TIRUNELVELI","KEELAPAVOOR",0,0,0,0,0
"TAMIL NADU","TIRUNELVELI","KURUVIKULAM",NA,NA,NA,NA,NA
"TAMIL NADU","TIRUNELVELI","MANOOR",NA,NA,NA,NA,NA
"TAMIL NADU","TIRUNELVELI","MELANEELITHANALLUR",NA,NA,NA,NA,NA
"TAMIL NADU","TIRUNELVELI","NANGUNERI",NA,NA,NA,NA,NA
"TAMIL NADU","TIRUNELVELI","PALAYAMCOTTAI",0,0,0,0,0
"TAMIL NADU","TIRUNELVELI","PAPPAKUDI",NA,NA,NA,NA,NA
"TAMIL NADU","TIRUNELVELI","RADHAPURAM",NA,NA,NA,NA,NA
"TAMIL NADU","TIRUNELVELI","SANKARANKOIL",NA,NA,NA,NA,NA
"TAMIL NADU","TIRUNELVELI","SHENCOTTAI",0,0,0,0,0
"TAMIL NADU","TIRUNELVELI","TENKASI",0,0,0,0,0
"TAMIL NADU","TIRUNELVELI","VALLIYOOR",0,0,0,0,0
"TAMIL NADU","TIRUNELVELI","VASUDEVANALLUR",0,0,0,0,0
"TAMIL NADU","TIRUVALLUR","EEKKADU",50,0,0,0,50
"TAMIL NADU","TIRUVALLUR","ELLAPURAM",NA,NA,NA,NA,NA
"TAMIL NADU","TIRUVALLUR","ELLAPURAM",0,0,0,0,0
"TAMIL NADU","TIRUVALLUR","GUMMIDIPOONDI",0,0,0,0,0
"TAMIL NADU","TIRUVALLUR","KADAMBATTUR",NA,NA,NA,NA,NA
"TAMIL NADU","TIRUVALLUR","KANAGAMMA CHATHIRAM",NA,NA,NA,NA,NA
"TAMIL NADU","TIRUVALLUR","MINJUR",2,17,0,0,19
"TAMIL NADU","TIRUVALLUR","PALLIPATTU",NA,NA,NA,NA,NA
"TAMIL NADU","TIRUVALLUR","POONAMALLEE",0,0,0,0,0
"TAMIL NADU","TIRUVALLUR","POONDI",0,0,0,0,0
"TAMIL NADU","TIRUVALLUR","POONDI",0,0,0,0,0
"TAMIL NADU","TIRUVALLUR","R.K. PETTAI",NA,NA,NA,NA,NA
"TAMIL NADU","TIRUVALLUR","SOZHAVARAM",0,0,0,0,0
"TAMIL NADU","TIRUVALLUR","THIRUVAALANGADU",NA,NA,NA,NA,NA
"TAMIL NADU","TIRUVALLUR","TIRUTTANI",NA,NA,NA,NA,NA
"TAMIL NADU","TIRUVALLUR","TIRUVELLORE",NA,NA,NA,NA,NA
"TAMIL NADU","TIRUVANNAMALAI","ANAKKAVUR PT",NA,NA,NA,NA,NA
"TAMIL NADU","TIRUVANNAMALAI","ARANI",NA,NA,NA,NA,NA
"TAMIL NADU","TIRUVANNAMALAI","CHENGAM",NA,NA,NA,NA,NA
"TAMIL NADU","TIRUVANNAMALAI","CHETPET",NA,NA,NA,NA,NA
"TAMIL NADU","TIRUVANNAMALAI","CHEYYAR PANCHAYAT",NA,NA,NA,NA,NA
"TAMIL NADU","TIRUVANNAMALAI","JAWADHU HILLS",NA,NA,NA,NA,NA
"TAMIL NADU","TIRUVANNAMALAI","KALASAPAKKAM",NA,NA,NA,NA,NA
"TAMIL NADU","TIRUVANNAMALAI","KILPENNATHUR",NA,NA,NA,NA,NA
"TAMIL NADU","TIRUVANNAMALAI","PERANAMALLUR",NA,NA,NA,NA,NA
"TAMIL NADU","TIRUVANNAMALAI","POLUR",NA,NA,NA,NA,NA
"TAMIL NADU","TIRUVANNAMALAI","PUDUPALAYAM",NA,NA,NA,NA,NA
"TAMIL NADU","TIRUVANNAMALAI","THANDARAMBATTU",NA,NA,NA,NA,NA
"TAMIL NADU","TIRUVANNAMALAI","THELLAR",NA,NA,NA,NA,NA
"TAMIL NADU","TIRUVANNAMALAI","THIRUVANNAMALAI",NA,NA,NA,NA,NA
"TAMIL NADU","TIRUVANNAMALAI","THURINJAPURAM",NA,NA,NA,NA,NA
"TAMIL NADU","TIRUVANNAMALAI","VANDAVASI",NA,NA,NA,NA,NA
"TAMIL NADU","TIRUVANNAMALAI","VEMBAKKAM PT",NA,NA,NA,NA,NA
"TAMIL NADU","TIRUVANNAMALAI","WEST ARNI",NA,NA,NA,NA,NA
"TAMIL NADU","TIRUVARUR","KORADACHERI",NA,NA,NA,NA,NA
"TAMIL NADU","TIRUVARUR","KOTTUR",116,108,34,2,260
"TAMIL NADU","TIRUVARUR","KUDAVASAL",NA,NA,NA,NA,NA
"TAMIL NADU","TIRUVARUR","MANNARGUDI",182,199,2,4,387
"TAMIL NADU","TIRUVARUR","MUTHUPETTAI",NA,NA,NA,NA,NA
"TAMIL NADU","TIRUVARUR","NANNILAM",NA,NA,NA,NA,NA
"TAMIL NADU","TIRUVARUR","NEEDAMANGALAM",250,276,10,0,536
"TAMIL NADU","TIRUVARUR","THIRUTHURAIPOONDI",14,6,0,0,20
"TAMIL NADU","TIRUVARUR","THIRUVARUR",NA,NA,NA,NA,NA
"TAMIL NADU","TIRUVARUR","VALANGAIMAN",NA,NA,NA,NA,NA
"TAMIL NADU","TRICHIRAPPALLI","ANDTHANALLUR",NA,NA,NA,NA,NA
"TAMIL NADU","TRICHIRAPPALLI","LALGUDI",0,0,0,0,0
"TAMIL NADU","TRICHIRAPPALLI","MANACHANALLUR",NA,NA,NA,NA,NA
"TAMIL NADU","TRICHIRAPPALLI","MANAPPARAI",NA,NA,NA,NA,NA
"TAMIL NADU","TRICHIRAPPALLI","MANIKANDAM",NA,NA,NA,NA,NA
"TAMIL NADU","TRICHIRAPPALLI","MARUNGAPURI",NA,NA,NA,NA,NA
"TAMIL NADU","TRICHIRAPPALLI","MUSIRI",NA,NA,NA,NA,NA
"TAMIL NADU","TRICHIRAPPALLI","PULLAMBADI",0,0,0,0,0
"TAMIL NADU","TRICHIRAPPALLI","T.PET",NA,NA,NA,NA,NA
"TAMIL NADU","TRICHIRAPPALLI","THIRUVERAMBUR",NA,NA,NA,NA,NA
"TAMIL NADU","TRICHIRAPPALLI","THOTTIAM",NA,NA,NA,NA,NA
"TAMIL NADU","TRICHIRAPPALLI","THURAIYUR",NA,NA,NA,NA,NA
"TAMIL NADU","TRICHIRAPPALLI","UPPILIYAPURAM",NA,NA,NA,NA,NA
"TAMIL NADU","TRICHIRAPPALLI","VAIYAMPATTI",NA,NA,NA,NA,NA
"TAMIL NADU","VELLORE","Alangayam",NA,NA,NA,NA,NA
"TAMIL NADU","VELLORE","Anaicut",NA,NA,NA,NA,NA
"TAMIL NADU","VELLORE","Arakonam",NA,NA,NA,NA,NA
"TAMIL NADU","VELLORE","Arcot",NA,NA,NA,NA,NA
"TAMIL NADU","VELLORE","Gudiyatham",NA,NA,NA,NA,NA
"TAMIL NADU","VELLORE","Jolarpet",NA,NA,NA,NA,NA
"TAMIL NADU","VELLORE","Kandili",NA,NA,NA,NA,NA
"TAMIL NADU","VELLORE","Kaniyambadi",NA,NA,NA,NA,NA
"TAMIL NADU","VELLORE","Katpadi",NA,NA,NA,NA,NA
"TAMIL NADU","VELLORE","Kaveripakkam",NA,NA,NA,NA,NA
"TAMIL NADU","VELLORE","Kvkuppam",NA,NA,NA,NA,NA
"TAMIL NADU","VELLORE","Madhanoor",NA,NA,NA,NA,NA
"TAMIL NADU","VELLORE","Natrampalli",NA,NA,NA,NA,NA
"TAMIL NADU","VELLORE","Nemili",NA,NA,NA,NA,NA
"TAMIL NADU","VELLORE","Pernambut",NA,NA,NA,NA,NA
"TAMIL NADU","VELLORE","Sholinghur",NA,NA,NA,NA,NA
"TAMIL NADU","VELLORE","Thimiri",NA,NA,NA,NA,NA
"TAMIL NADU","VELLORE","Tirupathur",NA,NA,NA,NA,NA
"TAMIL NADU","VELLORE","Vellore",NA,NA,NA,NA,NA
"TAMIL NADU","VELLORE","Walajah",NA,NA,NA,NA,NA
"TAMIL NADU","VILLUPURAM","CHINNA SALEM",NA,NA,NA,NA,NA
"TAMIL NADU","VILLUPURAM","GINGEE",NA,NA,NA,NA,NA
"TAMIL NADU","VILLUPURAM","KALLAKURICHI",0,0,0,0,0
"TAMIL NADU","VILLUPURAM","KALRAYAN HILLS",NA,NA,NA,NA,NA
"TAMIL NADU","VILLUPURAM","KANAI",0,0,0,0,0
"TAMIL NADU","VILLUPURAM","KANDAMANGALAM",107,47,1,0,155
"TAMIL NADU","VILLUPURAM","KOLIYANUR",1,0,0,0,1
"TAMIL NADU","VILLUPURAM","MARAKKANAM",0,0,0,0,0
"TAMIL NADU","VILLUPURAM","MAYILAM",NA,NA,NA,NA,NA
"TAMIL NADU","VILLUPURAM","MELMALAIYANUR",NA,NA,NA,NA,NA
"TAMIL NADU","VILLUPURAM","MUGAIYUR",0,0,0,0,0
"TAMIL NADU","VILLUPURAM","OLAKKUR",NA,NA,NA,NA,NA
"TAMIL NADU","VILLUPURAM","RISHIVANTHAYAM",NA,NA,NA,NA,NA
"TAMIL NADU","VILLUPURAM","SANKARAPURAM",NA,NA,NA,NA,NA
"TAMIL NADU","VILLUPURAM","THIRUKKOYILUR",NA,NA,NA,NA,NA
"TAMIL NADU","VILLUPURAM","THIRUNAVALUR",702,549,0,0,1251
"TAMIL NADU","VILLUPURAM","THIRUVENNAINALLUR",348,114,109,26,597
"TAMIL NADU","VILLUPURAM","THIYAGADHURGAM",NA,NA,NA,NA,NA
"TAMIL NADU","VILLUPURAM","ULUNDURPET",0,0,0,0,0
"TAMIL NADU","VILLUPURAM","VAANOOR",11,14,24,21,70
"TAMIL NADU","VILLUPURAM","VALLAM",NA,NA,NA,NA,NA
"TAMIL NADU","VILLUPURAM","VIKKIRAVANDI",0,0,0,0,0
"TAMIL NADU","VIRUDHUNAGAR","ARUPPUKOTTAI",NA,NA,NA,NA,NA
"TAMIL NADU","VIRUDHUNAGAR","KARIAPATTI",NA,NA,NA,NA,NA
"TAMIL NADU","VIRUDHUNAGAR","NARIKUDI",NA,NA,NA,NA,NA
"TAMIL NADU","VIRUDHUNAGAR","RAJAPALAYAM",NA,NA,NA,NA,NA
"TAMIL NADU","VIRUDHUNAGAR","SATTUR",NA,NA,NA,NA,NA
"TAMIL NADU","VIRUDHUNAGAR","SIVAKASI",NA,NA,NA,NA,NA
"TAMIL NADU","VIRUDHUNAGAR","SRIVILLIPUTHUR",0,0,0,0,0
"TAMIL NADU","VIRUDHUNAGAR","TIRUCHULI",NA,NA,NA,NA,NA
"TAMIL NADU","VIRUDHUNAGAR","VEMBAKOTTAI",NA,NA,NA,NA,NA
"TAMIL NADU","VIRUDHUNAGAR","VIRUDHUNAGAR",NA,NA,NA,NA,NA
"TAMIL NADU","VIRUDHUNAGAR","WATRAP",NA,NA,NA,NA,NA
"TRIPURA","DHALAI","CHAWMANU",NA,NA,NA,NA,NA
"TRIPURA","DHALAI","DAMBURNAGAR",NA,NA,NA,NA,NA
"TRIPURA","DHALAI","MANU",0,0,0,0,0
"TRIPURA","DHALAI","SALEMA",0,0,0,0,0
"TRIPURA","NORTH","DASDA",NA,NA,NA,NA,NA
"TRIPURA","NORTH","KADAMTALA",0,0,0,0,0
"TRIPURA","NORTH","KUMARGHAT",NA,NA,NA,NA,NA
"TRIPURA","NORTH","PANISAGAR",0,0,0,0,0
"TRIPURA","NORTH","PECHARTHAL",NA,NA,NA,NA,NA
"TRIPURA","SOUTH","AMARPUR",NA,NA,NA,NA,NA
"TRIPURA","SOUTH","BAGAFA",0,0,0,0,0
"TRIPURA","SOUTH","KARBOK",NA,NA,NA,NA,NA
"TRIPURA","SOUTH","KILLA",0,0,0,0,0
"TRIPURA","SOUTH","MATABARI",0,0,0,0,0
"TRIPURA","SOUTH","RAJNAGAR",0,0,0,0,0
"TRIPURA","SOUTH","RAPAICHARI",0,0,0,0,0
"TRIPURA","SOUTH","SATCHAND",0,0,0,0,0
"TRIPURA","WEST","BISHALGARH",0,0,0,0,0
"TRIPURA","WEST","DUKLI",0,0,0,0,0
"TRIPURA","WEST","JAMPAIJALA",0,0,0,0,0
"TRIPURA","WEST","JIRANIA",0,0,0,0,0
"TRIPURA","WEST","KHOWAI",0,0,0,0,0
"TRIPURA","WEST","MANDAI",NA,NA,NA,NA,NA
"TRIPURA","WEST","MELAGHAR",0,0,0,0,0
"TRIPURA","WEST","MOHANPUR",0,0,0,0,0
"TRIPURA","WEST","TELIAMURA",0,0,0,0,0
"TRIPURA","WEST","TULASIKHAR",0,0,0,0,0
"UTTAR PRADESH","AGRA","ACHNERA",0,0,0,0,0
"UTTAR PRADESH","AGRA","AKOLA",NA,NA,NA,NA,NA
"UTTAR PRADESH","AGRA","BAH",0,0,0,0,0
"UTTAR PRADESH","AGRA","BAMROLI AHIR",0,0,0,0,0
"UTTAR PRADESH","AGRA","BICHPURI",NA,NA,NA,NA,NA
"UTTAR PRADESH","AGRA","ETMADPUR",0,0,0,0,0
"UTTAR PRADESH","AGRA","FATEHABAD",0,0,0,0,0
"UTTAR PRADESH","AGRA","FATEHPUR SIKRI",0,0,0,0,0
"UTTAR PRADESH","AGRA","JAGNER",NA,NA,NA,NA,NA
"UTTAR PRADESH","AGRA","JETPUR KALAN",3,0,0,0,3
"UTTAR PRADESH","AGRA","KHANDOLI",NA,NA,NA,NA,NA
"UTTAR PRADESH","AGRA","KHERA GARH",NA,NA,NA,NA,NA
"UTTAR PRADESH","AGRA","PINAHAT",0,0,0,0,0
"UTTAR PRADESH","AGRA","SAIYA",NA,NA,NA,NA,NA
"UTTAR PRADESH","AGRA","SHAMSABAD",0,0,0,2,2
"UTTAR PRADESH","ALIGARH","AKRABAD",0,0,0,0,0
"UTTAR PRADESH","ALIGARH","ATROLI",0,0,0,0,0
"UTTAR PRADESH","ALIGARH","BIJOLI",0,0,0,0,0
"UTTAR PRADESH","ALIGARH","CHANDOS",0,0,0,0,0
"UTTAR PRADESH","ALIGARH","DHANIPUR",NA,NA,NA,NA,NA
"UTTAR PRADESH","ALIGARH","GANGIRI",0,0,0,0,0
"UTTAR PRADESH","ALIGARH","GONDA",NA,NA,NA,NA,NA
"UTTAR PRADESH","ALIGARH","HASAYAN",NA,NA,NA,NA,NA
"UTTAR PRADESH","ALIGARH","HATHRAS",NA,NA,NA,NA,NA
"UTTAR PRADESH","ALIGARH","IGLAS",0,0,0,0,0
"UTTAR PRADESH","ALIGARH","KHEAR",NA,NA,NA,NA,NA
"UTTAR PRADESH","ALIGARH","LODHA",0,0,0,0,0
"UTTAR PRADESH","ALIGARH","MURSAN",NA,NA,NA,NA,NA
"UTTAR PRADESH","ALIGARH","SASNI",0,0,0,0,0
"UTTAR PRADESH","ALIGARH","SIKANDRARAO",NA,NA,NA,NA,NA
"UTTAR PRADESH","ALIGARH","TAPPEL",NA,NA,NA,NA,NA
"UTTAR PRADESH","ALIGARH","ZAWAN",NA,NA,NA,NA,NA
"UTTAR PRADESH","ALLAHABAD","BAHADURPUR",NA,NA,NA,NA,NA
"UTTAR PRADESH","ALLAHABAD","BAHRIA",NA,NA,NA,NA,NA
"UTTAR PRADESH","ALLAHABAD","CHAIL",10,27,0,0,37
"UTTAR PRADESH","ALLAHABAD","CHAKA",0,0,0,0,0
"UTTAR PRADESH","ALLAHABAD","DHANUPUR",7,32,0,1,40
"UTTAR PRADESH","ALLAHABAD","HANDIA",20,20,40,0,80
"UTTAR PRADESH","ALLAHABAD","HOLAGARH",NA,NA,NA,NA,NA
"UTTAR PRADESH","ALLAHABAD","JASRA",NA,NA,NA,NA,NA
"UTTAR PRADESH","ALLAHABAD","KARA",111,141,0,35,287
"UTTAR PRADESH","ALLAHABAD","KARCHHANA",35,20,0,0,55
"UTTAR PRADESH","ALLAHABAD","KAUDHIYARA",0,0,0,0,0
"UTTAR PRADESH","ALLAHABAD","KAURIHAR",NA,NA,NA,NA,NA
"UTTAR PRADESH","ALLAHABAD","KORAON",NA,NA,NA,NA,NA
"UTTAR PRADESH","ALLAHABAD","KOSHAMBHI",0,0,0,0,0
"UTTAR PRADESH","ALLAHABAD","MANDA",NA,NA,NA,NA,NA
"UTTAR PRADESH","ALLAHABAD","MANJHANPUR",0,0,0,0,0
"UTTAR PRADESH","ALLAHABAD","MAUAIMA",0,0,0,0,0
"UTTAR PRADESH","ALLAHABAD","MEJA",0,0,0,0,0
"UTTAR PRADESH","ALLAHABAD","MURATGANJ",0,0,0,0,0
"UTTAR PRADESH","ALLAHABAD","NEWADA",10,15,0,0,25
"UTTAR PRADESH","ALLAHABAD","PHULPUR",25,20,30,0,75
"UTTAR PRADESH","ALLAHABAD","PRATAPPUR",52,67,100,25,244
"UTTAR PRADESH","ALLAHABAD","SAIDABAD",3,3,0,0,6
"UTTAR PRADESH","ALLAHABAD","SARSAWAN",NA,NA,NA,NA,NA
"UTTAR PRADESH","ALLAHABAD","SHANKARGARH",0,0,0,0,0
"UTTAR PRADESH","ALLAHABAD","SIRATHU",0,0,0,0,0
"UTTAR PRADESH","ALLAHABAD","SORAON",NA,NA,NA,NA,NA
"UTTAR PRADESH","ALLAHABAD","URUWAN",0,0,0,0,0
"UTTAR PRADESH","ALMORA","BAGESHWAR",NA,NA,NA,NA,NA
"UTTAR PRADESH","ALMORA","BHAISIACHHANA",NA,NA,NA,NA,NA
"UTTAR PRADESH","ALMORA","BHIKIASAIN",NA,NA,NA,NA,NA
"UTTAR PRADESH","ALMORA","CHAUKHUTIA",NA,NA,NA,NA,NA
"UTTAR PRADESH","ALMORA","DHAULADEVI",NA,NA,NA,NA,NA
"UTTAR PRADESH","ALMORA","DWARAHAT",NA,NA,NA,NA,NA
"UTTAR PRADESH","ALMORA","GARUR",NA,NA,NA,NA,NA
"UTTAR PRADESH","ALMORA","HAWALBAG",NA,NA,NA,NA,NA
"UTTAR PRADESH","ALMORA","KAPKOT",NA,NA,NA,NA,NA
"UTTAR PRADESH","ALMORA","LAMGARA",NA,NA,NA,NA,NA
"UTTAR PRADESH","ALMORA","SALT",NA,NA,NA,NA,NA
"UTTAR PRADESH","ALMORA","SYALDE",NA,NA,NA,NA,NA
"UTTAR PRADESH","ALMORA","TAKULA",NA,NA,NA,NA,NA
"UTTAR PRADESH","ALMORA","TARIKHET",NA,NA,NA,NA,NA
"UTTAR PRADESH","AMBEDKAR NAGAR","AKBARPUR",0,0,0,0,0
"UTTAR PRADESH","AMBEDKAR NAGAR","BASHKHARI",NA,NA,NA,NA,NA
"UTTAR PRADESH","AMBEDKAR NAGAR","BHITI",NA,NA,NA,NA,NA
"UTTAR PRADESH","AMBEDKAR NAGAR","BHIYAV",0,0,0,0,0
"UTTAR PRADESH","AMBEDKAR NAGAR","JAHANGIR GANJ",0,0,0,0,0
"UTTAR PRADESH","AMBEDKAR NAGAR","JALAL PUR",0,0,0,0,0
"UTTAR PRADESH","AMBEDKAR NAGAR","KATEHARI",0,0,0,0,0
"UTTAR PRADESH","AMBEDKAR NAGAR","RAM NAGAR",NA,NA,NA,NA,NA
"UTTAR PRADESH","AMBEDKAR NAGAR","TANDA",NA,NA,NA,NA,NA
"UTTAR PRADESH","AZAMGARH","AHIROLA",NA,NA,NA,NA,NA
"UTTAR PRADESH","AZAMGARH","ATROULIA",NA,NA,NA,NA,NA
"UTTAR PRADESH","AZAMGARH","AZAMATGARH",0,0,0,0,0
"UTTAR PRADESH","AZAMGARH","BILARIYA",6,7,13,0,26
"UTTAR PRADESH","AZAMGARH","HARIYA",NA,NA,NA,NA,NA
"UTTAR PRADESH","AZAMGARH","JAHANA JANJ",NA,NA,NA,NA,NA
"UTTAR PRADESH","AZAMGARH","KOAILSA",NA,NA,NA,NA,NA
"UTTAR PRADESH","AZAMGARH","LALGANJ",NA,NA,NA,NA,NA
"UTTAR PRADESH","AZAMGARH","MAHARAJGANJ",NA,NA,NA,NA,NA
"UTTAR PRADESH","AZAMGARH","MARTIN GANJ",NA,NA,NA,NA,NA
"UTTAR PRADESH","AZAMGARH","MEHNAGAR",NA,NA,NA,NA,NA
"UTTAR PRADESH","AZAMGARH","MIRZA PUR",NA,NA,NA,NA,NA
"UTTAR PRADESH","AZAMGARH","MOHAMMADPUR",NA,NA,NA,NA,NA
"UTTAR PRADESH","AZAMGARH","PALHANI",0,0,0,0,0
"UTTAR PRADESH","AZAMGARH","PAWAI",NA,NA,NA,NA,NA
"UTTAR PRADESH","AZAMGARH","PHOOL PUR",NA,NA,NA,NA,NA
"UTTAR PRADESH","AZAMGARH","RANI KI SARAI",NA,NA,NA,NA,NA
"UTTAR PRADESH","AZAMGARH","SANTHIYANVA",0,0,0,0,0
"UTTAR PRADESH","AZAMGARH","TAHAUWARPUR",NA,NA,NA,NA,NA
"UTTAR PRADESH","AZAMGARH","TARAWA",NA,NA,NA,NA,NA
"UTTAR PRADESH","AZAMGARH","THEKAMA",0,0,0,0,0
"UTTAR PRADESH","BADAUN","AMBIYAPUR",0,0,0,0,0
"UTTAR PRADESH","BADAUN","ASAFPUR",0,0,0,0,0
"UTTAR PRADESH","BADAUN","BISAULI",0,0,0,0,0
"UTTAR PRADESH","BADAUN","DATAGANJ",0,0,0,0,0
"UTTAR PRADESH","BADAUN","DEHGWA",0,0,0,0,0
"UTTAR PRADESH","BADAUN","GUNNAUR",0,0,0,0,0
"UTTAR PRADESH","BADAUN","ISLAMNAGAR",0,0,0,0,0
"UTTAR PRADESH","BADAUN","JAGAT",0,0,0,0,0
"UTTAR PRADESH","BADAUN","JUNABAI",0,0,0,0,0
"UTTAR PRADESH","BADAUN","KADAR CHOKE",0,0,0,0,0
"UTTAR PRADESH","BADAUN","MYAUN",0,0,0,0,0
"UTTAR PRADESH","BADAUN","RAJPURA",0,0,0,0,0
"UTTAR PRADESH","BADAUN","SAHASWAN",0,0,0,0,0
"UTTAR PRADESH","BADAUN","SALARPUR",0,0,0,0,0
"UTTAR PRADESH","BADAUN","SAMRAR",0,0,0,0,0
"UTTAR PRADESH","BADAUN","UJHANI",0,0,0,0,0
"UTTAR PRADESH","BADAUN","USAWA",0,0,0,0,0
"UTTAR PRADESH","BADAUN","WAZIRGANJ",0,0,0,0,0
"UTTAR PRADESH","BAHRAICH","BALHA",0,0,0,0,0
"UTTAR PRADESH","BAHRAICH","CHITTURA",0,0,0,0,0
"UTTAR PRADESH","BAHRAICH","FAKARPUR",0,0,0,0,0
"UTTAR PRADESH","BAHRAICH","GILAULA",40,20,60,0,120
"UTTAR PRADESH","BAHRAICH","HARIHAR PUR RANI",0,0,0,0,0
"UTTAR PRADESH","BAHRAICH","HUJUR PUR",0,0,0,0,0
"UTTAR PRADESH","BAHRAICH","IKAUNA",NA,NA,NA,NA,NA
"UTTAR PRADESH","BAHRAICH","JAMUNHA",0,0,0,0,0
"UTTAR PRADESH","BAHRAICH","JARWAL",0,0,0,0,0
"UTTAR PRADESH","BAHRAICH","KAISAR GANJ",15,15,0,0,30
"UTTAR PRADESH","BAHRAICH","MAHSHI",0,0,0,0,0
"UTTAR PRADESH","BAHRAICH","MIHIPURWA",0,0,0,0,0
"UTTAR PRADESH","BAHRAICH","NAWAB GANJ",0,0,0,0,0
"UTTAR PRADESH","BAHRAICH","PAYAG PUR",0,0,0,0,0
"UTTAR PRADESH","BAHRAICH","RISHIYA",0,0,0,0,0
"UTTAR PRADESH","BAHRAICH","SHIV PUR",5,0,0,0,5
"UTTAR PRADESH","BAHRAICH","SIRSHIYA",0,0,0,0,0
"UTTAR PRADESH","BAHRAICH","TAJVAPUR",NA,NA,NA,NA,NA
"UTTAR PRADESH","BAHRAICH","VISHESHAR GANJ",0,0,0,0,0
"UTTAR PRADESH","BALLIA","BAIRIA",0,0,0,0,0
"UTTAR PRADESH","BALLIA","BANSDEEH",0,0,0,0,0
"UTTAR PRADESH","BALLIA","BELHARI",60,176,0,11,247
"UTTAR PRADESH","BALLIA","BERUARBARI",8,12,0,0,20
"UTTAR PRADESH","BALLIA","CHILKHAR",0,0,0,0,0
"UTTAR PRADESH","BALLIA","DUBHAR",39,86,0,0,125
"UTTAR PRADESH","BALLIA","GARWARH",7,11,3,0,21
"UTTAR PRADESH","BALLIA","HANUMANGANJ",207,450,45,68,770
"UTTAR PRADESH","BALLIA","MANIER",0,0,0,0,0
"UTTAR PRADESH","BALLIA","MURLICHAPRA",0,0,0,0,0
"UTTAR PRADESH","BALLIA","NAGRA",0,0,0,0,0
"UTTAR PRADESH","BALLIA","NAWANAGAR",0,0,0,0,0
"UTTAR PRADESH","BALLIA","PANDAH",8,8,2,2,20
"UTTAR PRADESH","BALLIA","RASRA",0,0,0,0,0
"UTTAR PRADESH","BALLIA","REVOTI",0,0,0,0,0
"UTTAR PRADESH","BALLIA","SEAR",0,0,0,0,0
"UTTAR PRADESH","BALLIA","SOHAON",0,0,0,0,0
"UTTAR PRADESH","BANDA","BABERU",0,45,0,10,55
"UTTAR PRADESH","BANDA","BAROKHAR KHURD",0,0,0,0,0
"UTTAR PRADESH","BANDA","BISANDA",0,0,0,0,0
"UTTAR PRADESH","BANDA","JASPURA",0,0,0,0,0
"UTTAR PRADESH","BANDA","KAMASIN",0,0,0,0,0
"UTTAR PRADESH","BANDA","KARVI",NA,NA,NA,NA,NA
"UTTAR PRADESH","BANDA","MAHUVA",150,150,0,0,300
"UTTAR PRADESH","BANDA","MANIKPUR",NA,NA,NA,NA,NA
"UTTAR PRADESH","BANDA","MAU",NA,NA,NA,NA,NA
"UTTAR PRADESH","BANDA","NARAINI",0,0,0,0,0
"UTTAR PRADESH","BANDA","PAHADI",NA,NA,NA,NA,NA
"UTTAR PRADESH","BANDA","RAM NAGAR",NA,NA,NA,NA,NA
"UTTAR PRADESH","BANDA","TINDWARI",0,30,0,0,30
"UTTAR PRADESH","BARABANKI","BANIKODAR",NA,NA,NA,NA,NA
"UTTAR PRADESH","BARABANKI","BANKI",NA,NA,NA,NA,NA
"UTTAR PRADESH","BARABANKI","DARIYA BAD",NA,NA,NA,NA,NA
"UTTAR PRADESH","BARABANKI","DEVA",NA,NA,NA,NA,NA
"UTTAR PRADESH","BARABANKI","FATEHPUR",NA,NA,NA,NA,NA
"UTTAR PRADESH","BARABANKI","HAIDAR GARH",NA,NA,NA,NA,NA
"UTTAR PRADESH","BARABANKI","HARAKHA",NA,NA,NA,NA,NA
"UTTAR PRADESH","BARABANKI","MASAULI",NA,NA,NA,NA,NA
"UTTAR PRADESH","BARABANKI","MAVAI",NA,NA,NA,NA,NA
"UTTAR PRADESH","BARABANKI","NINDURA",NA,NA,NA,NA,NA
"UTTAR PRADESH","BARABANKI","PUREDALAI",NA,NA,NA,NA,NA
"UTTAR PRADESH","BARABANKI","RAM NAGAR",NA,NA,NA,NA,NA
"UTTAR PRADESH","BARABANKI","RUDAULI",NA,NA,NA,NA,NA
"UTTAR PRADESH","BARABANKI","SIDDHUAR",NA,NA,NA,NA,NA
"UTTAR PRADESH","BARABANKI","SIRAULI GOSEPUR",NA,NA,NA,NA,NA
"UTTAR PRADESH","BARABANKI","SURAT GANJ",NA,NA,NA,NA,NA
"UTTAR PRADESH","BARABANKI","TRIVEDI GANJ",NA,NA,NA,NA,NA
"UTTAR PRADESH","BAREILLY","AALAMPUR JAFARABAD",0,0,0,0,0
"UTTAR PRADESH","BAREILLY","BAHERI",0,0,0,0,0
"UTTAR PRADESH","BAREILLY","BHADPURA",0,0,0,0,0
"UTTAR PRADESH","BAREILLY","BHOJIPURA",0,0,0,0,0
"UTTAR PRADESH","BAREILLY","BHUTA",0,0,0,0,0
"UTTAR PRADESH","BAREILLY","BITHIRI CHAINPUR",0,0,0,0,0
"UTTAR PRADESH","BAREILLY","FARIDPUR",0,0,0,0,0
"UTTAR PRADESH","BAREILLY","FATEHGANJ (W)",0,0,0,0,0
"UTTAR PRADESH","BAREILLY","KYARA",0,0,0,0,0
"UTTAR PRADESH","BAREILLY","MAJHGAWAN",0,0,0,0,0
"UTTAR PRADESH","BAREILLY","MIRGANJ",0,0,0,0,0
"UTTAR PRADESH","BAREILLY","NAWABGANJ",0,0,0,0,0
"UTTAR PRADESH","BAREILLY","RAM NAGAR",0,0,0,0,0
"UTTAR PRADESH","BAREILLY","RICHHA",0,0,0,0,0
"UTTAR PRADESH","BAREILLY","SHERGARH",0,0,0,0,0
"UTTAR PRADESH","BASTI","BAGHAULEE",NA,NA,NA,NA,NA
"UTTAR PRADESH","BASTI","BAHADUR PUR",NA,NA,NA,NA,NA
"UTTAR PRADESH","BASTI","BANKATI",NA,NA,NA,NA,NA
"UTTAR PRADESH","BASTI","BASTI SADAR",NA,NA,NA,NA,NA
"UTTAR PRADESH","BASTI","GAUR",NA,NA,NA,NA,NA
"UTTAR PRADESH","BASTI","HAISAR BAZAR",NA,NA,NA,NA,NA
"UTTAR PRADESH","BASTI","HARIYA",NA,NA,NA,NA,NA
"UTTAR PRADESH","BASTI","KAPTAN GANG",NA,NA,NA,NA,NA
"UTTAR PRADESH","BASTI","KHALILABAD",NA,NA,NA,NA,NA
"UTTAR PRADESH","BASTI","KUDRAHA",NA,NA,NA,NA,NA
"UTTAR PRADESH","BASTI","MENHDAWAL",NA,NA,NA,NA,NA
"UTTAR PRADESH","BASTI","NATHNAGAR",NA,NA,NA,NA,NA
"UTTAR PRADESH","BASTI","PARASRAMPUR",NA,NA,NA,NA,NA
"UTTAR PRADESH","BASTI","RAM NAGAR",NA,NA,NA,NA,NA
"UTTAR PRADESH","BASTI","RUDHOULI",NA,NA,NA,NA,NA
"UTTAR PRADESH","BASTI","SALTAUA GOPAL PUR",NA,NA,NA,NA,NA
"UTTAR PRADESH","BASTI","SAUGHAT",NA,NA,NA,NA,NA
"UTTAR PRADESH","BASTI","SEMARIYAWAN",NA,NA,NA,NA,NA
"UTTAR PRADESH","BASTI","VIKRAM JOT",NA,NA,NA,NA,NA
"UTTAR PRADESH","BIJNOR","AFJAL GAR",NA,NA,NA,NA,NA
"UTTAR PRADESH","BIJNOR","AKKU NAHTOOR",2,0,0,0,2
"UTTAR PRADESH","BIJNOR","DHAMPUR",0,0,0,0,0
"UTTAR PRADESH","BIJNOR","HALDOOR",0,0,0,0,0
"UTTAR PRADESH","BIJNOR","JALILPUR",0,0,0,0,0
"UTTAR PRADESH","BIJNOR","KIRATPUR",5,15,20,10,50
"UTTAR PRADESH","BIJNOR","KOTWALI",0,0,0,0,0
"UTTAR PRADESH","BIJNOR","MEERPUR HEVMAL",0,0,0,0,0
"UTTAR PRADESH","BIJNOR","NAJIVABAD",0,0,0,0,0
"UTTAR PRADESH","BIJNOR","NOORPUR",4,0,0,0,4
"UTTAR PRADESH","BIJNOR","SHIVHARA",0,0,0,0,0
"UTTAR PRADESH","BULANDSHAHR","ANUPSHAHR",NA,NA,NA,NA,NA
"UTTAR PRADESH","BULANDSHAHR","ARNIRYA",NA,NA,NA,NA,NA
"UTTAR PRADESH","BULANDSHAHR","B.B. NAGAR",NA,NA,NA,NA,NA
"UTTAR PRADESH","BULANDSHAHR","BULANDSHAHR",NA,NA,NA,NA,NA
"UTTAR PRADESH","BULANDSHAHR","DANKAOR",NA,NA,NA,NA,NA
"UTTAR PRADESH","BULANDSHAHR","DANPUR",NA,NA,NA,NA,NA
"UTTAR PRADESH","BULANDSHAHR","DIBAI",NA,NA,NA,NA,NA
"UTTAR PRADESH","BULANDSHAHR","GULAWATHI",NA,NA,NA,NA,NA
"UTTAR PRADESH","BULANDSHAHR","JAHAGIRABAD",NA,NA,NA,NA,NA
"UTTAR PRADESH","BULANDSHAHR","JEWAR",NA,NA,NA,NA,NA
"UTTAR PRADESH","BULANDSHAHR","KHURJA",NA,NA,NA,NA,NA
"UTTAR PRADESH","BULANDSHAHR","LAKHAWATI",NA,NA,NA,NA,NA
"UTTAR PRADESH","BULANDSHAHR","PAHASU",NA,NA,NA,NA,NA
"UTTAR PRADESH","BULANDSHAHR","SHIKARPUR",NA,NA,NA,NA,NA
"UTTAR PRADESH","BULANDSHAHR","SIANA",NA,NA,NA,NA,NA
"UTTAR PRADESH","BULANDSHAHR","SIKANDRABAD",NA,NA,NA,NA,NA
"UTTAR PRADESH","BULANDSHAHR","UNCHAGAON",NA,NA,NA,NA,NA
"UTTAR PRADESH","CHAMOLI(GOPESHWAR)","AUGUSTMUNI",NA,NA,NA,NA,NA
"UTTAR PRADESH","CHAMOLI(GOPESHWAR)","DASHOLI",NA,NA,NA,NA,NA
"UTTAR PRADESH","CHAMOLI(GOPESHWAR)","DEWAL",NA,NA,NA,NA,NA
"UTTAR PRADESH","CHAMOLI(GOPESHWAR)","GAIRSEN",NA,NA,NA,NA,NA
"UTTAR PRADESH","CHAMOLI(GOPESHWAR)","GHAT",NA,NA,NA,NA,NA
"UTTAR PRADESH","CHAMOLI(GOPESHWAR)","JOSHIMATH",NA,NA,NA,NA,NA
"UTTAR PRADESH","CHAMOLI(GOPESHWAR)","KARNPRAYAG",NA,NA,NA,NA,NA
"UTTAR PRADESH","CHAMOLI(GOPESHWAR)","NARAYANBAGGAR",NA,NA,NA,NA,NA
"UTTAR PRADESH","CHAMOLI(GOPESHWAR)","POKHARI",NA,NA,NA,NA,NA
"UTTAR PRADESH","CHAMOLI(GOPESHWAR)","THARALI",NA,NA,NA,NA,NA
"UTTAR PRADESH","CHAMOLI(GOPESHWAR)","UKHIMATH",NA,NA,NA,NA,NA
"UTTAR PRADESH","DEHRADUN","CHAKRATA",NA,NA,NA,NA,NA
"UTTAR PRADESH","DEHRADUN","DOIWALA",65,112,0,0,177
"UTTAR PRADESH","DEHRADUN","KALSI",NA,NA,NA,NA,NA
"UTTAR PRADESH","DEHRADUN","RAIPUR",0,0,0,0,0
"UTTAR PRADESH","DEHRADUN","SAHASPUR",15,10,0,0,25
"UTTAR PRADESH","DEHRADUN","VIKAS NAGAR",24,20,0,10,54
"UTTAR PRADESH","DEORIA","BAITALPUR",0,0,0,0,0
"UTTAR PRADESH","DEORIA","BANKATA",0,0,0,0,0
"UTTAR PRADESH","DEORIA","BARHAJ",12,28,0,1,41
"UTTAR PRADESH","DEORIA","BHAGALPUR",20,80,10,10,120
"UTTAR PRADESH","DEORIA","BHALUWANI",0,0,0,0,0
"UTTAR PRADESH","DEORIA","BHATANI",156,244,63,22,485
"UTTAR PRADESH","DEORIA","BHATPAR RANI",0,0,0,0,0
"UTTAR PRADESH","DEORIA","DEORIA SADAR",0,0,0,0,0
"UTTAR PRADESH","DEORIA","DESAHI DEORIA",0,0,0,0,0
"UTTAR PRADESH","DEORIA","GAURI BAZAR",0,0,0,0,0
"UTTAR PRADESH","DEORIA","LAR",0,0,0,0,0
"UTTAR PRADESH","DEORIA","PATHARDEVA",0,0,0,0,0
"UTTAR PRADESH","DEORIA","RAMPUR KARKHANA",87,80,4,0,171
"UTTAR PRADESH","DEORIA","RUDRAPUR",0,0,0,0,0
"UTTAR PRADESH","DEORIA","SALEMPUR",1464,2174,30,0,3668
"UTTAR PRADESH","ETAH","ALIGANJ",NA,NA,NA,NA,NA
"UTTAR PRADESH","ETAH","AMANPUR",NA,NA,NA,NA,NA
"UTTAR PRADESH","ETAH","AWAGARH",NA,NA,NA,NA,NA
"UTTAR PRADESH","ETAH","GANJDUNDWARA",0,0,0,0,0
"UTTAR PRADESH","ETAH","JAITHRA",0,0,0,0,0
"UTTAR PRADESH","ETAH","JALESAR",NA,NA,NA,NA,NA
"UTTAR PRADESH","ETAH","KASGANJ",NA,NA,NA,NA,NA
"UTTAR PRADESH","ETAH","MARAHERA",NA,NA,NA,NA,NA
"UTTAR PRADESH","ETAH","NIDHOLI KALAN",NA,NA,NA,NA,NA
"UTTAR PRADESH","ETAH","PATIYALI",NA,NA,NA,NA,NA
"UTTAR PRADESH","ETAH","SAHAWAR",NA,NA,NA,NA,NA
"UTTAR PRADESH","ETAH","SAKIT",NA,NA,NA,NA,NA
"UTTAR PRADESH","ETAH","SHEETALPUR",NA,NA,NA,NA,NA
"UTTAR PRADESH","ETAH","SIDHPURA",NA,NA,NA,NA,NA
"UTTAR PRADESH","ETAH","SORON",0,0,0,0,0
"UTTAR PRADESH","ETAWAH","ACHHALDA",NA,NA,NA,NA,NA
"UTTAR PRADESH","ETAWAH","AIRWA KATRA",NA,NA,NA,NA,NA
"UTTAR PRADESH","ETAWAH","AJEETMAL",0,0,0,0,0
"UTTAR PRADESH","ETAWAH","AURAIYA",12,10,0,0,22
"UTTAR PRADESH","ETAWAH","BADPURA",17,17,9,0,43
"UTTAR PRADESH","ETAWAH","BASREHAR",0,0,0,0,0
"UTTAR PRADESH","ETAWAH","BHAGAY NAGAR",0,0,0,0,0
"UTTAR PRADESH","ETAWAH","BHARTHANA",0,0,0,0,0
"UTTAR PRADESH","ETAWAH","BIDHUNA",0,0,0,0,0
"UTTAR PRADESH","ETAWAH","CHAKARNAGAR",0,0,0,0,0
"UTTAR PRADESH","ETAWAH","JASWANT NAGAR",51,46,5,0,102
"UTTAR PRADESH","ETAWAH","MAHEWA",148,235,273,60,716
"UTTAR PRADESH","ETAWAH","SAHAR",133,167,5,0,305
"UTTAR PRADESH","ETAWAH","SAIPHAI",NA,NA,NA,NA,NA
"UTTAR PRADESH","ETAWAH","TAKHA",NA,NA,NA,NA,NA
"UTTAR PRADESH","FAIZABAD","AMANI GANJ",NA,NA,NA,NA,NA
"UTTAR PRADESH","FAIZABAD","BIKAPUR",0,0,0,0,0
"UTTAR PRADESH","FAIZABAD","HASTINPUR",0,0,0,0,0
"UTTAR PRADESH","FAIZABAD","MASONDHA",0,0,0,0,0
"UTTAR PRADESH","FAIZABAD","MAYA",NA,NA,NA,NA,NA
"UTTAR PRADESH","FAIZABAD","MILKI PUR",0,0,0,0,0
"UTTAR PRADESH","FAIZABAD","PURA",0,0,0,0,0
"UTTAR PRADESH","FAIZABAD","SOHAWAL",0,0,0,0,0
"UTTAR PRADESH","FAIZABAD","TARUN",0,0,0,0,0
"UTTAR PRADESH","FARUKHABAD","BADPUR",0,0,0,0,0
"UTTAR PRADESH","FARUKHABAD","CHHIBRAMAU",0,0,0,0,0
"UTTAR PRADESH","FARUKHABAD","HASERAN",NA,NA,NA,NA,NA
"UTTAR PRADESH","FARUKHABAD","JALABAD",NA,NA,NA,NA,NA
"UTTAR PRADESH","FARUKHABAD","KAMALGANJ",NA,NA,NA,NA,NA
"UTTAR PRADESH","FARUKHABAD","KANNAUJ",NA,NA,NA,NA,NA
"UTTAR PRADESH","FARUKHABAD","KAYAMGUNJ",0,0,0,0,0
"UTTAR PRADESH","FARUKHABAD","MOHAMMADABAD",0,0,0,0,0
"UTTAR PRADESH","FARUKHABAD","NAWABGANJ",NA,NA,NA,NA,NA
"UTTAR PRADESH","FARUKHABAD","RAJEPUR",NA,NA,NA,NA,NA
"UTTAR PRADESH","FARUKHABAD","SAURIKH",NA,NA,NA,NA,NA
"UTTAR PRADESH","FARUKHABAD","SHAMSABAD",NA,NA,NA,NA,NA
"UTTAR PRADESH","FARUKHABAD","TALGRAM",NA,NA,NA,NA,NA
"UTTAR PRADESH","FARUKHABAD","UMARDA",NA,NA,NA,NA,NA
"UTTAR PRADESH","FATEHPUR","AIRAYA",0,0,0,0,0
"UTTAR PRADESH","FATEHPUR","AMAULI",4,0,0,0,4
"UTTAR PRADESH","FATEHPUR","ASODHAR",0,0,0,0,0
"UTTAR PRADESH","FATEHPUR","BAHUWA",NA,NA,NA,NA,NA
"UTTAR PRADESH","FATEHPUR","BHITAURA",NA,NA,NA,NA,NA
"UTTAR PRADESH","FATEHPUR","DEVMAI",0,0,0,0,0
"UTTAR PRADESH","FATEHPUR","DHATA",0,0,0,0,0
"UTTAR PRADESH","FATEHPUR","HASWA",2,3,0,0,5
"UTTAR PRADESH","FATEHPUR","HATHGAON",NA,NA,NA,NA,NA
"UTTAR PRADESH","FATEHPUR","KHAJUHA",0,0,0,0,0
"UTTAR PRADESH","FATEHPUR","MALWAN",NA,NA,NA,NA,NA
"UTTAR PRADESH","FATEHPUR","TELYANI",NA,NA,NA,NA,NA
"UTTAR PRADESH","FATEHPUR","VIJAYIPUR",0,0,0,0,0
"UTTAR PRADESH","FIROZABAD","ARANV",2220,5945,425,717,9307
"UTTAR PRADESH","FIROZABAD","EKA",0,0,0,0,0
"UTTAR PRADESH","FIROZABAD","FIROZABAD",0,0,0,0,0
"UTTAR PRADESH","FIROZABAD","JASRANA",NA,NA,NA,NA,NA
"UTTAR PRADESH","FIROZABAD","KHAIRGARH/HATBANT",0,0,0,0,0
"UTTAR PRADESH","FIROZABAD","MADANPUR",NA,NA,NA,NA,NA
"UTTAR PRADESH","FIROZABAD","NARKHI",NA,NA,NA,NA,NA
"UTTAR PRADESH","FIROZABAD","SHIKOHABAD",0,0,0,0,0
"UTTAR PRADESH","FIROZABAD","TUNDLA",0,0,0,0,0
"UTTAR PRADESH","GHAZIABAD","BHOJPUR",0,0,0,0,0
"UTTAR PRADESH","GHAZIABAD","BISRAKH",0,0,0,0,0
"UTTAR PRADESH","GHAZIABAD","DADRI",0,0,0,0,0
"UTTAR PRADESH","GHAZIABAD","DHAULANA",0,0,0,0,0
"UTTAR PRADESH","GHAZIABAD","GARH",0,0,0,0,0
"UTTAR PRADESH","GHAZIABAD","HAPUR",0,0,0,0,0
"UTTAR PRADESH","GHAZIABAD","LAUNI",0,0,0,0,0
"UTTAR PRADESH","GHAZIABAD","MURADNAGAR",0,0,0,0,0
"UTTAR PRADESH","GHAZIABAD","RAJAPUR",0,0,0,0,0
"UTTAR PRADESH","GHAZIABAD","SIMBHAWALI",0,0,0,0,0
"UTTAR PRADESH","GHAZIPUR","BARACHAWAR",NA,NA,NA,NA,NA
"UTTAR PRADESH","GHAZIPUR","BHADORA",NA,NA,NA,NA,NA
"UTTAR PRADESH","GHAZIPUR","BHANWARKOL",NA,NA,NA,NA,NA
"UTTAR PRADESH","GHAZIPUR","DEVKALI",0,0,0,0,0
"UTTAR PRADESH","GHAZIPUR","JAMANIYA",NA,NA,NA,NA,NA
"UTTAR PRADESH","GHAZIPUR","KARNDA",NA,NA,NA,NA,NA
"UTTAR PRADESH","GHAZIPUR","KASIMABAD",NA,NA,NA,NA,NA
"UTTAR PRADESH","GHAZIPUR","MANIHARI",0,0,0,0,0
"UTTAR PRADESH","GHAZIPUR","MARADAH",NA,NA,NA,NA,NA
"UTTAR PRADESH","GHAZIPUR","MOHMMADABAD",NA,NA,NA,NA,NA
"UTTAR PRADESH","GHAZIPUR","REVTIPUR",NA,NA,NA,NA,NA
"UTTAR PRADESH","GHAZIPUR","SADAR",0,0,0,0,0
"UTTAR PRADESH","GHAZIPUR","SADAT",0,0,0,0,0
"UTTAR PRADESH","GHAZIPUR","SAIDPUR",0,0,0,0,0
"UTTAR PRADESH","GHAZIPUR","VIRNO",0,0,0,0,0
"UTTAR PRADESH","GHAZIPUR","ZAKHANIA",0,0,0,0,0
"UTTAR PRADESH","GONDA","BALRAMPUR",0,0,0,0,0
"UTTAR PRADESH","GONDA","BELSAR",0,0,0,0,0
"UTTAR PRADESH","GONDA","BHABHANJOT",0,0,0,0,0
"UTTAR PRADESH","GONDA","CHHAPIA",0,0,0,0,0
"UTTAR PRADESH","GONDA","COLONELGANJ",0,0,0,0,0
"UTTAR PRADESH","GONDA","GAIDAS BUJURG",0,0,0,0,0
"UTTAR PRADESH","GONDA","GAISARI",10,0,0,0,10
"UTTAR PRADESH","GONDA","HALDAR MAU",0,0,0,0,0
"UTTAR PRADESH","GONDA","HARRIYA SATGHARWA",0,0,0,0,0
"UTTAR PRADESH","GONDA","ITIYATHOK",0,0,0,0,0
"UTTAR PRADESH","GONDA","JHANJHRI",0,0,0,0,0
"UTTAR PRADESH","GONDA","KATRA BAZAR",0,0,0,0,0
"UTTAR PRADESH","GONDA","MANKAPUR",0,0,0,0,0
"UTTAR PRADESH","GONDA","MUJEHNA",0,0,0,0,0
"UTTAR PRADESH","GONDA","NAWABGANJ",0,0,0,0,0
"UTTAR PRADESH","GONDA","PACHPARWA",0,0,0,0,0
"UTTAR PRADESH","GONDA","PANDRIKRIPAL",10,40,20,0,70
"UTTAR PRADESH","GONDA","PARASPUR",0,0,0,0,0
"UTTAR PRADESH","GONDA","REHRA BAZAR",140,140,0,0,280
"UTTAR PRADESH","GONDA","RUPIHDEEH",0,0,0,0,0
"UTTAR PRADESH","GONDA","SRI DUTTGANJ",0,0,0,0,0
"UTTAR PRADESH","GONDA","TARABGANJ",0,0,0,0,0
"UTTAR PRADESH","GONDA","TULSIPUR",60,20,80,0,160
"UTTAR PRADESH","GONDA","UTTRAULA",89,160,81,0,330
"UTTAR PRADESH","GONDA","WAZIRGANJ",0,0,0,0,0
"UTTAR PRADESH","GORAKHPUR","BANSGAON",0,0,0,0,0
"UTTAR PRADESH","GORAKHPUR","BARAHALGANJ",0,50,0,0,50
"UTTAR PRADESH","GORAKHPUR","BELGHAT",0,0,0,0,0
"UTTAR PRADESH","GORAKHPUR","BHATHAT",0,0,0,0,0
"UTTAR PRADESH","GORAKHPUR","BRAHMPUR",61,100,0,16,177
"UTTAR PRADESH","GORAKHPUR","CAMPIARGANJ",0,0,0,0,0
"UTTAR PRADESH","GORAKHPUR","CHARGANWA",0,0,0,0,0
"UTTAR PRADESH","GORAKHPUR","GAGHA",10,10,3,3,26
"UTTAR PRADESH","GORAKHPUR","GOLA",0,0,0,0,0
"UTTAR PRADESH","GORAKHPUR","JANGAL KAURIA",0,0,0,0,0
"UTTAR PRADESH","GORAKHPUR","KAURIRAM",3,0,0,0,3
"UTTAR PRADESH","GORAKHPUR","KHAJANI",0,0,0,0,0
"UTTAR PRADESH","GORAKHPUR","KHORABAR",0,0,0,0,0
"UTTAR PRADESH","GORAKHPUR","PALI",NA,NA,NA,NA,NA
"UTTAR PRADESH","GORAKHPUR","PIPRAICH",0,0,0,0,0
"UTTAR PRADESH","GORAKHPUR","PIPRAULI",300,550,0,0,850
"UTTAR PRADESH","GORAKHPUR","SAHJANWA",0,0,0,0,0
"UTTAR PRADESH","GORAKHPUR","SARDARNAGAR",30,19,7,0,56
"UTTAR PRADESH","GORAKHPUR","URUWA",303,575,878,0,1756
"UTTAR PRADESH","HAMIRPUR","GOHAND",0,0,0,0,0
"UTTAR PRADESH","HAMIRPUR","KURARA",0,1753,0,0,1753
"UTTAR PRADESH","HAMIRPUR","MAUDAHA",0,0,0,0,0
"UTTAR PRADESH","HAMIRPUR","MUSKARA",0,0,0,0,0
"UTTAR PRADESH","HAMIRPUR","RATH",2,6,0,0,8
"UTTAR PRADESH","HAMIRPUR","SARILA",0,0,0,0,0
"UTTAR PRADESH","HAMIRPUR","SUMREPUR",0,0,0,0,0
"UTTAR PRADESH","HARDOI","AHIROURI",0,0,0,0,0
"UTTAR PRADESH","HARDOI","BAVAN",3,1,2,0,6
"UTTAR PRADESH","HARDOI","BEHANDAR",NA,NA,NA,NA,NA
"UTTAR PRADESH","HARDOI","BHARAWAN",NA,NA,NA,NA,NA
"UTTAR PRADESH","HARDOI","BHARKHANI",42,116,2,10,170
"UTTAR PRADESH","HARDOI","BILGRAM",NA,NA,NA,NA,NA
"UTTAR PRADESH","HARDOI","HARIYAWAN",NA,NA,NA,NA,NA
"UTTAR PRADESH","HARDOI","HARPALPUR",NA,NA,NA,NA,NA
"UTTAR PRADESH","HARDOI","KACHOUNA",NA,NA,NA,NA,NA
"UTTAR PRADESH","HARDOI","KOTHAWAN",NA,NA,NA,NA,NA
"UTTAR PRADESH","HARDOI","MAHDHOGANJ",0,0,0,0,0
"UTTAR PRADESH","HARDOI","MALLAWAN",NA,NA,NA,NA,NA
"UTTAR PRADESH","HARDOI","PIHANI",0,0,0,0,0
"UTTAR PRADESH","HARDOI","SANDI",0,0,0,0,0
"UTTAR PRADESH","HARDOI","SANDILA",0,0,0,0,0
"UTTAR PRADESH","HARDOI","SHAHABAD",0,0,0,0,0
"UTTAR PRADESH","HARDOI","SURSA",0,0,0,0,0
"UTTAR PRADESH","HARDOI","TANDIYAWA",NA,NA,NA,NA,NA
"UTTAR PRADESH","HARDOI","TODARPUR",0,0,0,0,0
"UTTAR PRADESH","HARDWAR","BAHADRABAD",NA,NA,NA,NA,NA
"UTTAR PRADESH","HARDWAR","BHAGWANPUR",50,50,0,0,100
"UTTAR PRADESH","HARDWAR","KHANPUR",NA,NA,NA,NA,NA
"UTTAR PRADESH","HARDWAR","LAKSAR",NA,NA,NA,NA,NA
"UTTAR PRADESH","HARDWAR","NARSAN",15,8,5,0,28
"UTTAR PRADESH","HARDWAR","ROORKEE",5,4,0,0,9
"UTTAR PRADESH","JALAUN","DAKOR",113,2422,3,13,2551
"UTTAR PRADESH","JALAUN","JALAUN",0,0,0,0,0
"UTTAR PRADESH","JALAUN","KADAURA",30,2884,0,0,2914
"UTTAR PRADESH","JALAUN","KONCH",17,43,0,0,60
"UTTAR PRADESH","JALAUN","KUTHAUND",63,120,43,8,234
"UTTAR PRADESH","JALAUN","MADHOGHARH",4,6,0,0,10
"UTTAR PRADESH","JALAUN","MAHEBA",0,360,0,0,360
"UTTAR PRADESH","JALAUN","NADIGAON",9,31,0,0,40
"UTTAR PRADESH","JALAUN","RAMPURA",NA,NA,NA,NA,NA
"UTTAR PRADESH","JAUNPUR","BADLA PUR",NA,NA,NA,NA,NA
"UTTAR PRADESH","JAUNPUR","BAKSHA",0,0,0,0,0
"UTTAR PRADESH","JAUNPUR","BARSOTHI",NA,NA,NA,NA,NA
"UTTAR PRADESH","JAUNPUR","DHARMA PUR",0,0,0,0,0
"UTTAR PRADESH","JAUNPUR","DOBHI",25,25,0,0,50
"UTTAR PRADESH","JAUNPUR","JALAL PUR",203,381,0,44,628
"UTTAR PRADESH","JAUNPUR","KARNJAKALA",0,0,0,0,0
"UTTAR PRADESH","JAUNPUR","KERAKAT",10,10,2,0,22
"UTTAR PRADESH","JAUNPUR","KHUTHAN",NA,NA,NA,NA,NA
"UTTAR PRADESH","JAUNPUR","M.SHAHAR",NA,NA,NA,NA,NA
"UTTAR PRADESH","JAUNPUR","MADRIYAHU",NA,NA,NA,NA,NA
"UTTAR PRADESH","JAUNPUR","MAHARAJ GANJ",NA,NA,NA,NA,NA
"UTTAR PRADESH","JAUNPUR","MUFTI GANJ",0,0,0,0,0
"UTTAR PRADESH","JAUNPUR","MUGLA BADSHAH PUR",0,0,0,0,0
"UTTAR PRADESH","JAUNPUR","RAM NAGAR",0,0,0,0,0
"UTTAR PRADESH","JAUNPUR","RAMPUR",2,4,0,0,6
"UTTAR PRADESH","JAUNPUR","SHAH GANJ",NA,NA,NA,NA,NA
"UTTAR PRADESH","JAUNPUR","SIKRARA",0,0,0,0,0
"UTTAR PRADESH","JAUNPUR","SIRKONI",25,20,0,0,45
"UTTAR PRADESH","JAUNPUR","SUITHA KALA",NA,NA,NA,NA,NA
"UTTAR PRADESH","JAUNPUR","SUJAN GANJ",0,0,0,0,0
"UTTAR PRADESH","JHANSI","BABINA",NA,NA,NA,NA,NA
"UTTAR PRADESH","JHANSI","BADAGAON",0,0,0,0,0
"UTTAR PRADESH","JHANSI","BAMAUR",NA,NA,NA,NA,NA
"UTTAR PRADESH","JHANSI","BANGRA",NA,NA,NA,NA,NA
"UTTAR PRADESH","JHANSI","CHIRGAON",NA,NA,NA,NA,NA
"UTTAR PRADESH","JHANSI","GURSARAJ",NA,NA,NA,NA,NA
"UTTAR PRADESH","JHANSI","MAURANIPUR",NA,NA,NA,NA,NA
"UTTAR PRADESH","JHANSI","MOTH",NA,NA,NA,NA,NA
"UTTAR PRADESH","KANPUR DEHAT","AKBARPUR",0,0,0,0,0
"UTTAR PRADESH","KANPUR DEHAT","AMRODHA",1,0,0,0,1
"UTTAR PRADESH","KANPUR DEHAT","BILHAUR",0,0,0,0,0
"UTTAR PRADESH","KANPUR DEHAT","BITARGAON",0,0,0,0,0
"UTTAR PRADESH","KANPUR DEHAT","CHAUBEPUR",50,75,125,30,280
"UTTAR PRADESH","KANPUR DEHAT","DERAPUR",0,0,0,0,0
"UTTAR PRADESH","KANPUR DEHAT","GHATAMPUR",978,1230,132,144,2484
"UTTAR PRADESH","KANPUR DEHAT","JHINJAK",117,384,0,6,507
"UTTAR PRADESH","KANPUR DEHAT","KAKWAN",NA,NA,NA,NA,NA
"UTTAR PRADESH","KANPUR DEHAT","MAITHA",NA,NA,NA,NA,NA
"UTTAR PRADESH","KANPUR DEHAT","MALASA",0,0,0,0,0
"UTTAR PRADESH","KANPUR DEHAT","PATARA",2,22,0,0,24
"UTTAR PRADESH","KANPUR DEHAT","RAJPUR",36,66,0,0,102
"UTTAR PRADESH","KANPUR DEHAT","RASOOLABAD",NA,NA,NA,NA,NA
"UTTAR PRADESH","KANPUR DEHAT","SANDALPUR",0,0,0,0,0
"UTTAR PRADESH","KANPUR DEHAT","SARBANKHERA",0,0,0,0,0
"UTTAR PRADESH","KANPUR DEHAT","SHIVRAJPUR",NA,NA,NA,NA,NA
"UTTAR PRADESH","KANPUR NAGAR","KALYANPUR",NA,NA,NA,NA,NA
"UTTAR PRADESH","KANPUR NAGAR","SARSAUL",0,0,0,0,0
"UTTAR PRADESH","KANPUR NAGAR","VIDHUNU",NA,NA,NA,NA,NA
"UTTAR PRADESH","KHIRI","BANKEYGANJ",0,0,0,0,0
"UTTAR PRADESH","KHIRI","BEHJAM",6,10,3,1,20
"UTTAR PRADESH","KHIRI","BIJUA",0,0,0,0,0
"UTTAR PRADESH","KHIRI","DHAUREHRA",NA,NA,NA,NA,NA
"UTTAR PRADESH","KHIRI","ISANAGAR",NA,NA,NA,NA,NA
"UTTAR PRADESH","KHIRI","KHUMBHIGOLA",0,0,0,0,0
"UTTAR PRADESH","KHIRI","LAKHIMPUR",0,0,0,0,0
"UTTAR PRADESH","KHIRI","MITAULI",0,0,0,0,0
"UTTAR PRADESH","KHIRI","MOHAMMADI",45,56,101,0,202
"UTTAR PRADESH","KHIRI","NAKAHA",212,28,0,0,240
"UTTAR PRADESH","KHIRI","NIGHASAN",NA,NA,NA,NA,NA
"UTTAR PRADESH","KHIRI","PALIA",NA,NA,NA,NA,NA
"UTTAR PRADESH","KHIRI","PASGAWAN",0,0,0,0,0
"UTTAR PRADESH","KHIRI","PHOOLBEHAR",0,0,0,0,0
"UTTAR PRADESH","KHIRI","RAMIA BEHAR",NA,NA,NA,NA,NA
"UTTAR PRADESH","KUSHI NAGAR","BISHUN PUR",NA,NA,NA,NA,NA
"UTTAR PRADESH","KUSHI NAGAR","DUDAHI",NA,NA,NA,NA,NA
"UTTAR PRADESH","KUSHI NAGAR","FAZIL NAGAR",0,0,0,0,0
"UTTAR PRADESH","KUSHI NAGAR","HATA",NA,NA,NA,NA,NA
"UTTAR PRADESH","KUSHI NAGAR","KAPTAN GANJ",0,0,0,0,0
"UTTAR PRADESH","KUSHI NAGAR","KASAYA",26,29,56,0,111
"UTTAR PRADESH","KUSHI NAGAR","KHADDA",NA,NA,NA,NA,NA
"UTTAR PRADESH","KUSHI NAGAR","MOTI CHAK",51,57,15,0,123
"UTTAR PRADESH","KUSHI NAGAR","NEBUAA NAORANGIYA",NA,NA,NA,NA,NA
"UTTAR PRADESH","KUSHI NAGAR","PADRAUNA",0,0,0,0,0
"UTTAR PRADESH","KUSHI NAGAR","RAMKOLA",NA,NA,NA,NA,NA
"UTTAR PRADESH","KUSHI NAGAR","SEVARI",0,0,0,0,0
"UTTAR PRADESH","KUSHI NAGAR","SHUKARAULI",51,49,12,2,114
"UTTAR PRADESH","KUSHI NAGAR","TAMAKUHI",38,23,0,0,61
"UTTAR PRADESH","LALITPUR","BAR",NA,NA,NA,NA,NA
"UTTAR PRADESH","LALITPUR","BIRDHA",NA,NA,NA,NA,NA
"UTTAR PRADESH","LALITPUR","JAKHAURA",NA,NA,NA,NA,NA
"UTTAR PRADESH","LALITPUR","MANDAWARA",NA,NA,NA,NA,NA
"UTTAR PRADESH","LALITPUR","MEHRONI",NA,NA,NA,NA,NA
"UTTAR PRADESH","LALITPUR","TALBEHAT",NA,NA,NA,NA,NA
"UTTAR PRADESH","LUCKNOW","BAKSHI KA TALAB",0,0,0,0,0
"UTTAR PRADESH","LUCKNOW","CHINHAT",10,15,2,0,27
"UTTAR PRADESH","LUCKNOW","GOSAIGANJ",1,5,0,1,7
"UTTAR PRADESH","LUCKNOW","KAKORI",0,0,0,0,0
"UTTAR PRADESH","LUCKNOW","MALIHABAD",NA,NA,NA,NA,NA
"UTTAR PRADESH","LUCKNOW","MALL",10,10,5,5,30
"UTTAR PRADESH","LUCKNOW","MOHANLALGANJ",NA,NA,NA,NA,NA
"UTTAR PRADESH","LUCKNOW","SAROJNINAGAR",0,0,0,0,0
"UTTAR PRADESH","MAHOBA","CHARKHARI",NA,NA,NA,NA,NA
"UTTAR PRADESH","MAHOBA","JAITPUR",NA,NA,NA,NA,NA
"UTTAR PRADESH","MAHOBA","KABARAI",NA,NA,NA,NA,NA
"UTTAR PRADESH","MAHOBA","PANWADI",NA,NA,NA,NA,NA
"UTTAR PRADESH","MAHRAJGANJ","BRIDGEMANGANJ",4,0,0,0,4
"UTTAR PRADESH","MAHRAJGANJ","DHANI",0,0,0,0,0
"UTTAR PRADESH","MAHRAJGANJ","GHUGHULI",NA,NA,NA,NA,NA
"UTTAR PRADESH","MAHRAJGANJ","LAKSHMIPUR",NA,NA,NA,NA,NA
"UTTAR PRADESH","MAHRAJGANJ","MAHRAJGANJ SADAR",NA,NA,NA,NA,NA
"UTTAR PRADESH","MAHRAJGANJ","MITHAURA",0,0,0,0,0
"UTTAR PRADESH","MAHRAJGANJ","NAUTANAWA",NA,NA,NA,NA,NA
"UTTAR PRADESH","MAHRAJGANJ","NICHLAUL",NA,NA,NA,NA,NA
"UTTAR PRADESH","MAHRAJGANJ","PANIYARA",0,0,0,0,0
"UTTAR PRADESH","MAHRAJGANJ","PARTAWAL",0,0,0,0,0
"UTTAR PRADESH","MAHRAJGANJ","PHARENDA",NA,NA,NA,NA,NA
"UTTAR PRADESH","MAHRAJGANJ","SISWA",NA,NA,NA,NA,NA
"UTTAR PRADESH","MAINPURI","BARNAHAL",NA,NA,NA,NA,NA
"UTTAR PRADESH","MAINPURI","BEWAR",NA,NA,NA,NA,NA
"UTTAR PRADESH","MAINPURI","GHIROR",NA,NA,NA,NA,NA
"UTTAR PRADESH","MAINPURI","JAGIR",NA,NA,NA,NA,NA
"UTTAR PRADESH","MAINPURI","KARHAL",NA,NA,NA,NA,NA
"UTTAR PRADESH","MAINPURI","KISHANI",NA,NA,NA,NA,NA
"UTTAR PRADESH","MAINPURI","KURAWALI",NA,NA,NA,NA,NA
"UTTAR PRADESH","MAINPURI","MAINPURI",NA,NA,NA,NA,NA
"UTTAR PRADESH","MAINPURI","SULTANGANJ",NA,NA,NA,NA,NA
"UTTAR PRADESH","MATHURA","BALDEV",NA,NA,NA,NA,NA
"UTTAR PRADESH","MATHURA","CHHATA",NA,NA,NA,NA,NA
"UTTAR PRADESH","MATHURA","CHOMUHA",NA,NA,NA,NA,NA
"UTTAR PRADESH","MATHURA","FAREH",NA,NA,NA,NA,NA
"UTTAR PRADESH","MATHURA","GOVERDHAN",NA,NA,NA,NA,NA
"UTTAR PRADESH","MATHURA","MAAT",NA,NA,NA,NA,NA
"UTTAR PRADESH","MATHURA","MATHURA",NA,NA,NA,NA,NA
"UTTAR PRADESH","MATHURA","NAND GAWON",NA,NA,NA,NA,NA
"UTTAR PRADESH","MATHURA","NOHJHIL",NA,NA,NA,NA,NA
"UTTAR PRADESH","MATHURA","RAYA",NA,NA,NA,NA,NA
"UTTAR PRADESH","MATHURA","SADABAB",NA,NA,NA,NA,NA
"UTTAR PRADESH","MATHURA","SAHPAU",NA,NA,NA,NA,NA
"UTTAR PRADESH","MAU","BADRAW",NA,NA,NA,NA,NA
"UTTAR PRADESH","MAU","DOHARIGHAT",NA,NA,NA,NA,NA
"UTTAR PRADESH","MAU","FATEEHPUR MANDAVA",NA,NA,NA,NA,NA
"UTTAR PRADESH","MAU","GHOSI",NA,NA,NA,NA,NA
"UTTAR PRADESH","MAU","KOPAGANJ",NA,NA,NA,NA,NA
"UTTAR PRADESH","MAU","MUHAMMDABAD",NA,NA,NA,NA,NA
"UTTAR PRADESH","MAU","PARDHA",NA,NA,NA,NA,NA
"UTTAR PRADESH","MAU","RANIPUR",NA,NA,NA,NA,NA
"UTTAR PRADESH","MAU","RATANPURA",NA,NA,NA,NA,NA
"UTTAR PRADESH","MEERUT","BAGHPAT",204,153,0,0,357
"UTTAR PRADESH","MEERUT","BARAUT",0,0,0,0,0
"UTTAR PRADESH","MEERUT","BINAULI",2018,1357,675,142,4192
"UTTAR PRADESH","MEERUT","CHAPROULI",NA,NA,NA,NA,NA
"UTTAR PRADESH","MEERUT","DAURALA",0,0,0,0,0
"UTTAR PRADESH","MEERUT","HASTINAPUR",0,0,0,0,0
"UTTAR PRADESH","MEERUT","JANI KHURD",0,0,0,0,0
"UTTAR PRADESH","MEERUT","KHARKHODA",150,140,10,0,300
"UTTAR PRADESH","MEERUT","KHEKRA",0,0,0,0,0
"UTTAR PRADESH","MEERUT","MACHHRA",0,0,0,0,0
"UTTAR PRADESH","MEERUT","MAWANA",10,15,10,0,35
"UTTAR PRADESH","MEERUT","MEERUT",24,26,0,0,50
"UTTAR PRADESH","MEERUT","PARIKSHITGARH",50,65,0,0,115
"UTTAR PRADESH","MEERUT","PILANA",8,8,0,0,16
"UTTAR PRADESH","MEERUT","RAJPURA",0,0,0,0,0
"UTTAR PRADESH","MEERUT","ROHTA",0,0,0,0,0
"UTTAR PRADESH","MEERUT","SARDHANA",0,0,0,0,0
"UTTAR PRADESH","MEERUT","SARURPUR KHURD",0,0,0,0,0
"UTTAR PRADESH","MIRZAPUR","CHHANBEY",14,39,19,2,74
"UTTAR PRADESH","MIRZAPUR","CITY",30,70,15,10,125
"UTTAR PRADESH","MIRZAPUR","HALIYA",NA,NA,NA,NA,NA
"UTTAR PRADESH","MIRZAPUR","JAMALPUR",0,0,0,0,0
"UTTAR PRADESH","MIRZAPUR","KONE",472,1107,204,5,1788
"UTTAR PRADESH","MIRZAPUR","LALGANJ",NA,NA,NA,NA,NA
"UTTAR PRADESH","MIRZAPUR","MAJHWAN",343,303,132,27,805
"UTTAR PRADESH","MIRZAPUR","MARIHAN",NA,NA,NA,NA,NA
"UTTAR PRADESH","MIRZAPUR","NARAYANPUR",76,158,2,0,236
"UTTAR PRADESH","MIRZAPUR","PAHARI",10,3,3,2,18
"UTTAR PRADESH","MIRZAPUR","RAJGARH",NA,NA,NA,NA,NA
"UTTAR PRADESH","MIRZAPUR","SIKHAR",10,95,0,0,105
"UTTAR PRADESH","MORADABAD","AMROHA",NA,NA,NA,NA,NA
"UTTAR PRADESH","MORADABAD","ASMOLI",90,110,140,35,375
"UTTAR PRADESH","MORADABAD","BANIYA KHERA",NA,NA,NA,NA,NA
"UTTAR PRADESH","MORADABAD","BHAGATPUR TANDA",NA,NA,NA,NA,NA
"UTTAR PRADESH","MORADABAD","BHJOI",0,0,0,0,0
"UTTAR PRADESH","MORADABAD","BILARI",90,110,140,35,375
"UTTAR PRADESH","MORADABAD","CHHAJLET",NA,NA,NA,NA,NA
"UTTAR PRADESH","MORADABAD","DHANORA",0,0,0,0,0
"UTTAR PRADESH","MORADABAD","DILARI",NA,NA,NA,NA,NA
"UTTAR PRADESH","MORADABAD","GAJROLA",90,110,140,35,375
"UTTAR PRADESH","MORADABAD","GANGESHWARI",NA,NA,NA,NA,NA
"UTTAR PRADESH","MORADABAD","HASANPUR",NA,NA,NA,NA,NA
"UTTAR PRADESH","MORADABAD","JOYA",NA,NA,NA,NA,NA
"UTTAR PRADESH","MORADABAD","KUNDARKEE",NA,NA,NA,NA,NA
"UTTAR PRADESH","MORADABAD","MORADABAD",NA,NA,NA,NA,NA
"UTTAR PRADESH","MORADABAD","MUNDAPANDEY",90,110,140,35,375
"UTTAR PRADESH","MORADABAD","PAWANSA",NA,NA,NA,NA,NA
"UTTAR PRADESH","MORADABAD","SAMBHAL",NA,NA,NA,NA,NA
"UTTAR PRADESH","MORADABAD","THAKURDWARA",NA,NA,NA,NA,NA
"UTTAR PRADESH","MUZAFFER NAGAR","BAGHARA",NA,NA,NA,NA,NA
"UTTAR PRADESH","MUZAFFER NAGAR","BUDHANA",0,0,0,0,0
"UTTAR PRADESH","MUZAFFER NAGAR","CHARTHAWAL",0,0,0,0,0
"UTTAR PRADESH","MUZAFFER NAGAR","JANSATH",0,0,0,0,0
"UTTAR PRADESH","MUZAFFER NAGAR","KAIRANA",0,0,0,0,0
"UTTAR PRADESH","MUZAFFER NAGAR","KANDHLA",4,3,0,0,7
"UTTAR PRADESH","MUZAFFER NAGAR","KHATOLI",NA,NA,NA,NA,NA
"UTTAR PRADESH","MUZAFFER NAGAR","MORNA",0,0,0,0,0
"UTTAR PRADESH","MUZAFFER NAGAR","MUZAFFER NAGAR SADAR",0,0,0,0,0
"UTTAR PRADESH","MUZAFFER NAGAR","PURKAZI",0,0,0,0,0
"UTTAR PRADESH","MUZAFFER NAGAR","SHAHPUR",0,0,0,0,0
"UTTAR PRADESH","MUZAFFER NAGAR","SHAMLI",0,0,0,0,0
"UTTAR PRADESH","MUZAFFER NAGAR","THANA BHAVAN",0,0,0,0,0
"UTTAR PRADESH","MUZAFFER NAGAR","UN",0,0,0,0,0
"UTTAR PRADESH","NAINITAL","BAITALGHAT",NA,NA,NA,NA,NA
"UTTAR PRADESH","NAINITAL","BHIMTAL",NA,NA,NA,NA,NA
"UTTAR PRADESH","NAINITAL","DHARI",NA,NA,NA,NA,NA
"UTTAR PRADESH","NAINITAL","HALDWANI",0,0,0,0,0
"UTTAR PRADESH","NAINITAL","KOTABAGH",0,0,0,0,0
"UTTAR PRADESH","NAINITAL","OKHELKANDA",NA,NA,NA,NA,NA
"UTTAR PRADESH","NAINITAL","RAMGARH",NA,NA,NA,NA,NA
"UTTAR PRADESH","NAINITAL","RAMNAGAR",NA,NA,NA,NA,NA
"UTTAR PRADESH","PAURI GARHWAL","BIROKHAL",NA,NA,NA,NA,NA
"UTTAR PRADESH","PAURI GARHWAL","DOGADDA",0,0,0,0,0
"UTTAR PRADESH","PAURI GARHWAL","DWARIKHAL",NA,NA,NA,NA,NA
"UTTAR PRADESH","PAURI GARHWAL","EKESHWER",NA,NA,NA,NA,NA
"UTTAR PRADESH","PAURI GARHWAL","KALJIKHAL",NA,NA,NA,NA,NA
"UTTAR PRADESH","PAURI GARHWAL","KHIRSU",NA,NA,NA,NA,NA
"UTTAR PRADESH","PAURI GARHWAL","KOT",NA,NA,NA,NA,NA
"UTTAR PRADESH","PAURI GARHWAL","NAUNIDANDA",NA,NA,NA,NA,NA
"UTTAR PRADESH","PAURI GARHWAL","PABO",NA,NA,NA,NA,NA
"UTTAR PRADESH","PAURI GARHWAL","PAURI",NA,NA,NA,NA,NA
"UTTAR PRADESH","PAURI GARHWAL","POKHRA",NA,NA,NA,NA,NA
"UTTAR PRADESH","PAURI GARHWAL","RIKHNIKHAL",NA,NA,NA,NA,NA
"UTTAR PRADESH","PAURI GARHWAL","THALISAIN",NA,NA,NA,NA,NA
"UTTAR PRADESH","PAURI GARHWAL","YAMKESWER",NA,NA,NA,NA,NA
"UTTAR PRADESH","PAURI GARHWAL","ZAHRIKHAL",NA,NA,NA,NA,NA
"UTTAR PRADESH","PILIBHIT","AMREYA",NA,NA,NA,NA,NA
"UTTAR PRADESH","PILIBHIT","BERKHEDA",0,0,0,0,0
"UTTAR PRADESH","PILIBHIT","BILSANDA",0,0,0,0,0
"UTTAR PRADESH","PILIBHIT","BISALPUR",50,40,20,0,110
"UTTAR PRADESH","PILIBHIT","LALORIKHEDA",NA,NA,NA,NA,NA
"UTTAR PRADESH","PILIBHIT","MARORI",0,0,0,0,0
"UTTAR PRADESH","PILIBHIT","PURANPUR",NA,NA,NA,NA,NA
"UTTAR PRADESH","PITHORAGARH","BARA KOTE",NA,NA,NA,NA,NA
"UTTAR PRADESH","PITHORAGARH","BERENAG",NA,NA,NA,NA,NA
"UTTAR PRADESH","PITHORAGARH","CHAMPWAT",NA,NA,NA,NA,NA
"UTTAR PRADESH","PITHORAGARH","DHARCHULA",NA,NA,NA,NA,NA
"UTTAR PRADESH","PITHORAGARH","DIDIHAT",NA,NA,NA,NA,NA
"UTTAR PRADESH","PITHORAGARH","GANGOLI HAT",NA,NA,NA,NA,NA
"UTTAR PRADESH","PITHORAGARH","KANALI CHENA",NA,NA,NA,NA,NA
"UTTAR PRADESH","PITHORAGARH","LOHAGHAT",NA,NA,NA,NA,NA
"UTTAR PRADESH","PITHORAGARH","MUNA KOT",NA,NA,NA,NA,NA
"UTTAR PRADESH","PITHORAGARH","MUNSHYARI",NA,NA,NA,NA,NA
"UTTAR PRADESH","PITHORAGARH","PATI",NA,NA,NA,NA,NA
"UTTAR PRADESH","PITHORAGARH","PITHORAGARH",NA,NA,NA,NA,NA
"UTTAR PRADESH","PRATAPGARH","AASPUR DEVSARA",NA,NA,NA,NA,NA
"UTTAR PRADESH","PRATAPGARH","BABAGANJ",NA,NA,NA,NA,NA
"UTTAR PRADESH","PRATAPGARH","BIHAR",NA,NA,NA,NA,NA
"UTTAR PRADESH","PRATAPGARH","GAURA",NA,NA,NA,NA,NA
"UTTAR PRADESH","PRATAPGARH","KALAKANKAR",NA,NA,NA,NA,NA
"UTTAR PRADESH","PRATAPGARH","KUNDA",NA,NA,NA,NA,NA
"UTTAR PRADESH","PRATAPGARH","LAXMANPUR",NA,NA,NA,NA,NA
"UTTAR PRADESH","PRATAPGARH","MANDHATA",NA,NA,NA,NA,NA
"UTTAR PRADESH","PRATAPGARH","MANGRAURA",NA,NA,NA,NA,NA
"UTTAR PRADESH","PRATAPGARH","PATTI",NA,NA,NA,NA,NA
"UTTAR PRADESH","PRATAPGARH","RAMPUR KHAS",NA,NA,NA,NA,NA
"UTTAR PRADESH","PRATAPGARH","RAMPUR-SANGRAMGARH.",NA,NA,NA,NA,NA
"UTTAR PRADESH","PRATAPGARH","SADAR",NA,NA,NA,NA,NA
"UTTAR PRADESH","PRATAPGARH","SANDWA CHANDRIKA",NA,NA,NA,NA,NA
"UTTAR PRADESH","PRATAPGARH","SANGIPUR",NA,NA,NA,NA,NA
"UTTAR PRADESH","PRATAPGARH","SHIVGARH",NA,NA,NA,NA,NA
"UTTAR PRADESH","RAEBARELY","AMANWA",NA,NA,NA,NA,NA
"UTTAR PRADESH","RAEBARELY","BACHRAVAN",NA,NA,NA,NA,NA
"UTTAR PRADESH","RAEBARELY","BAHADUR PUR",0,0,0,0,0
"UTTAR PRADESH","RAEBARELY","CHHATOH",NA,NA,NA,NA,NA
"UTTAR PRADESH","RAEBARELY","DALMAU",NA,NA,NA,NA,NA
"UTTAR PRADESH","RAEBARELY","DEEH",0,0,0,0,0
"UTTAR PRADESH","RAEBARELY","HARCHANDPUR",NA,NA,NA,NA,NA
"UTTAR PRADESH","RAEBARELY","JAGAT PUR",NA,NA,NA,NA,NA
"UTTAR PRADESH","RAEBARELY","KHEERO",NA,NA,NA,NA,NA
"UTTAR PRADESH","RAEBARELY","LAL GANJ",NA,NA,NA,NA,NA
"UTTAR PRADESH","RAEBARELY","MAHARAJ GANJ",NA,NA,NA,NA,NA
"UTTAR PRADESH","RAEBARELY","RAHI",NA,NA,NA,NA,NA
"UTTAR PRADESH","RAEBARELY","SALON",0,0,0,0,0
"UTTAR PRADESH","RAEBARELY","SARANI",0,0,0,0,0
"UTTAR PRADESH","RAEBARELY","SATAON",0,0,0,0,0
"UTTAR PRADESH","RAEBARELY","SHIV GARH",NA,NA,NA,NA,NA
"UTTAR PRADESH","RAEBARELY","SINGHPUR",NA,NA,NA,NA,NA
"UTTAR PRADESH","RAEBARELY","TILOI",NA,NA,NA,NA,NA
"UTTAR PRADESH","RAEBARELY","UCHAHAR",NA,NA,NA,NA,NA
"UTTAR PRADESH","RAMPUR","BILASPUR",0,0,0,0,0
"UTTAR PRADESH","RAMPUR","CHAMRAON",0,0,0,0,0
"UTTAR PRADESH","RAMPUR","MILAK",0,0,0,0,0
"UTTAR PRADESH","RAMPUR","SADAR (RAMPUR)",0,0,0,0,0
"UTTAR PRADESH","RAMPUR","SHAHABAD",0,0,0,0,0
"UTTAR PRADESH","RAMPUR","SUAR",0,0,0,0,0
"UTTAR PRADESH","SAHARANPUR","BALYA KHERI",NA,NA,NA,NA,NA
"UTTAR PRADESH","SAHARANPUR","DEOBAND",NA,NA,NA,NA,NA
"UTTAR PRADESH","SAHARANPUR","GANGOH",NA,NA,NA,NA,NA
"UTTAR PRADESH","SAHARANPUR","MUZAFFARABAD",NA,NA,NA,NA,NA
"UTTAR PRADESH","SAHARANPUR","NAGAL",NA,NA,NA,NA,NA
"UTTAR PRADESH","SAHARANPUR","NAKUR",NA,NA,NA,NA,NA
"UTTAR PRADESH","SAHARANPUR","NANAUTA",NA,NA,NA,NA,NA
"UTTAR PRADESH","SAHARANPUR","PUVARKA",NA,NA,NA,NA,NA
"UTTAR PRADESH","SAHARANPUR","RAMPUR MANIHARAN",NA,NA,NA,NA,NA
"UTTAR PRADESH","SAHARANPUR","SADAULI QADEEM",NA,NA,NA,NA,NA
"UTTAR PRADESH","SAHARANPUR","SARSAWAN",NA,NA,NA,NA,NA
"UTTAR PRADESH","SANT RAVIDAS NAGAR","AURAI",100,140,160,35,435
"UTTAR PRADESH","SANT RAVIDAS NAGAR","BHADOHI",160,335,27,28,550
"UTTAR PRADESH","SANT RAVIDAS NAGAR","DEEGH",10,60,0,10,80
"UTTAR PRADESH","SANT RAVIDAS NAGAR","GYANPUR",221,466,10,10,707
"UTTAR PRADESH","SANT RAVIDAS NAGAR","SURIYAWA",0,0,0,0,0
"UTTAR PRADESH","SHAHJAHANPUR","BANDA",NA,NA,NA,NA,NA
"UTTAR PRADESH","SHAHJAHANPUR","BHAAWAL KHERA",0,0,0,0,0
"UTTAR PRADESH","SHAHJAHANPUR","DADROL",0,0,0,0,0
"UTTAR PRADESH","SHAHJAHANPUR","JAITIPUR",0,0,0,0,0
"UTTAR PRADESH","SHAHJAHANPUR","JALALABAD",0,0,0,0,0
"UTTAR PRADESH","SHAHJAHANPUR","KALAN",NA,NA,NA,NA,NA
"UTTAR PRADESH","SHAHJAHANPUR","KANTH",NA,NA,NA,NA,NA
"UTTAR PRADESH","SHAHJAHANPUR","KHUDAGANJ KATRA",0,0,0,0,0
"UTTAR PRADESH","SHAHJAHANPUR","KHUTAR",0,0,0,0,0
"UTTAR PRADESH","SHAHJAHANPUR","MIRZAPUR",0,0,0,0,0
"UTTAR PRADESH","SHAHJAHANPUR","NIGOHI",0,0,0,0,0
"UTTAR PRADESH","SHAHJAHANPUR","POWAYAN",NA,NA,NA,NA,NA
"UTTAR PRADESH","SHAHJAHANPUR","SINDHAULI",0,0,0,0,0
"UTTAR PRADESH","SHAHJAHANPUR","TILHER",NA,NA,NA,NA,NA
"UTTAR PRADESH","SIDDHARTH NAGAR","BADHANI",NA,NA,NA,NA,NA
"UTTAR PRADESH","SIDDHARTH NAGAR","BANSI",NA,NA,NA,NA,NA
"UTTAR PRADESH","SIDDHARTH NAGAR","BHANAWAPUR",NA,NA,NA,NA,NA
"UTTAR PRADESH","SIDDHARTH NAGAR","BIRDPUR",NA,NA,NA,NA,NA
"UTTAR PRADESH","SIDDHARTH NAGAR","DUMARIYA GANJ",NA,NA,NA,NA,NA
"UTTAR PRADESH","SIDDHARTH NAGAR","ITWA",NA,NA,NA,NA,NA
"UTTAR PRADESH","SIDDHARTH NAGAR","JOGIYA",NA,NA,NA,NA,NA
"UTTAR PRADESH","SIDDHARTH NAGAR","KHESRAHA",NA,NA,NA,NA,NA
"UTTAR PRADESH","SIDDHARTH NAGAR","KHUNION",NA,NA,NA,NA,NA
"UTTAR PRADESH","SIDDHARTH NAGAR","MITHWAL",NA,NA,NA,NA,NA
"UTTAR PRADESH","SIDDHARTH NAGAR","NAUGHAR",NA,NA,NA,NA,NA
"UTTAR PRADESH","SIDDHARTH NAGAR","SAANTHA",NA,NA,NA,NA,NA
"UTTAR PRADESH","SIDDHARTH NAGAR","SHOHRATH GARH",NA,NA,NA,NA,NA
"UTTAR PRADESH","SIDDHARTH NAGAR","USKA BAZAR",NA,NA,NA,NA,NA
"UTTAR PRADESH","SITAPUR","AILIYA",NA,NA,NA,NA,NA
"UTTAR PRADESH","SITAPUR","BEHTA",NA,NA,NA,NA,NA
"UTTAR PRADESH","SITAPUR","BESWAN",NA,NA,NA,NA,NA
"UTTAR PRADESH","SITAPUR","GODLAMAO",0,0,0,0,0
"UTTAR PRADESH","SITAPUR","HARGAON",0,0,0,0,0
"UTTAR PRADESH","SITAPUR","KASMANDA",NA,NA,NA,NA,NA
"UTTAR PRADESH","SITAPUR","KHAIRABAD",51,52,97,0,200
"UTTAR PRADESH","SITAPUR","LAHERPUR",15,25,14,0,54
"UTTAR PRADESH","SITAPUR","MACHREHTA",40,140,80,0,260
"UTTAR PRADESH","SITAPUR","MAHMOODABAD",NA,NA,NA,NA,NA
"UTTAR PRADESH","SITAPUR","MAHOLI",20,50,10,20,100
"UTTAR PRADESH","SITAPUR","MISHRIKH",0,0,0,0,0
"UTTAR PRADESH","SITAPUR","PAHLA",NA,NA,NA,NA,NA
"UTTAR PRADESH","SITAPUR","PERSENDI",NA,NA,NA,NA,NA
"UTTAR PRADESH","SITAPUR","PISWAN",NA,NA,NA,NA,NA
"UTTAR PRADESH","SITAPUR","RAMPUR MATHURA",0,0,0,0,0
"UTTAR PRADESH","SITAPUR","REUSA",0,0,0,0,0
"UTTAR PRADESH","SITAPUR","SAKEREN",NA,NA,NA,NA,NA
"UTTAR PRADESH","SITAPUR","SIDHAOLI",11,77,88,0,176
"UTTAR PRADESH","SONBHADRA","BABHANI",NA,NA,NA,NA,NA
"UTTAR PRADESH","SONBHADRA","CHATRA",NA,NA,NA,NA,NA
"UTTAR PRADESH","SONBHADRA","CHOPAN",NA,NA,NA,NA,NA
"UTTAR PRADESH","SONBHADRA","DUDDHI",NA,NA,NA,NA,NA
"UTTAR PRADESH","SONBHADRA","LALGANJ",NA,NA,NA,NA,NA
"UTTAR PRADESH","SONBHADRA","MEYOURPUR",NA,NA,NA,NA,NA
"UTTAR PRADESH","SONBHADRA","NAGAOA",NA,NA,NA,NA,NA
"UTTAR PRADESH","SONBHADRA","RABERTSGANJ",NA,NA,NA,NA,NA
"UTTAR PRADESH","SULTANPUR","AKHANDNAGAR",NA,NA,NA,NA,NA
"UTTAR PRADESH","SULTANPUR","AMETHI",NA,NA,NA,NA,NA
"UTTAR PRADESH","SULTANPUR","BALDERAI",NA,NA,NA,NA,NA
"UTTAR PRADESH","SULTANPUR","BHADAIYAN",248,405,188,25,866
"UTTAR PRADESH","SULTANPUR","BHADAR",NA,NA,NA,NA,NA
"UTTAR PRADESH","SULTANPUR","BHETUA",318,420,243,222,1203
"UTTAR PRADESH","SULTANPUR","DHANPATGANJ",NA,NA,NA,NA,NA
"UTTAR PRADESH","SULTANPUR","DOSTPUR",0,0,0,0,0
"UTTAR PRADESH","SULTANPUR","DUBEYPUR",NA,NA,NA,NA,NA
"UTTAR PRADESH","SULTANPUR","GAURIGANJ",NA,NA,NA,NA,NA
"UTTAR PRADESH","SULTANPUR","JAGDISHPUR",0,0,0,0,0
"UTTAR PRADESH","SULTANPUR","JAISINGHPUR",NA,NA,NA,NA,NA
"UTTAR PRADESH","SULTANPUR","JAMON",NA,NA,NA,NA,NA
"UTTAR PRADESH","SULTANPUR","KADIPUR",NA,NA,NA,NA,NA
"UTTAR PRADESH","SULTANPUR","KUREBHAR",NA,NA,NA,NA,NA
"UTTAR PRADESH","SULTANPUR","KURWAR",NA,NA,NA,NA,NA
"UTTAR PRADESH","SULTANPUR","LAMBHUA",0,0,0,0,0
"UTTAR PRADESH","SULTANPUR","MUSAFIRKHANA",NA,NA,NA,NA,NA
"UTTAR PRADESH","SULTANPUR","PRATAPPUR KAMAINCHA",NA,NA,NA,NA,NA
"UTTAR PRADESH","SULTANPUR","SANGRAMPUR",NA,NA,NA,NA,NA
"UTTAR PRADESH","SULTANPUR","SHAHGARH",NA,NA,NA,NA,NA
"UTTAR PRADESH","SULTANPUR","SHUKUL_BAZAR",NA,NA,NA,NA,NA
"UTTAR PRADESH","TEHRI GARHWAL","BHILANGANA",NA,NA,NA,NA,NA
"UTTAR PRADESH","TEHRI GARHWAL","CHAMBA",NA,NA,NA,NA,NA
"UTTAR PRADESH","TEHRI GARHWAL","DEVAPRAYAG",NA,NA,NA,NA,NA
"UTTAR PRADESH","TEHRI GARHWAL","JAKHANIDHAR",NA,NA,NA,NA,NA
"UTTAR PRADESH","TEHRI GARHWAL","JAKHOLI",NA,NA,NA,NA,NA
"UTTAR PRADESH","TEHRI GARHWAL","JAUNPUR",NA,NA,NA,NA,NA
"UTTAR PRADESH","TEHRI GARHWAL","KIRTI NAGAR",NA,NA,NA,NA,NA
"UTTAR PRADESH","TEHRI GARHWAL","NARENDRA NAGAR",NA,NA,NA,NA,NA
"UTTAR PRADESH","TEHRI GARHWAL","PRATAP NAGAR",NA,NA,NA,NA,NA
"UTTAR PRADESH","TEHRI GARHWAL","THAULDAR",NA,NA,NA,NA,NA
"UTTAR PRADESH","UDHAMSINGH NAGAR","BAAJPUR",0,0,0,0,0
"UTTAR PRADESH","UDHAMSINGH NAGAR","GADARPUR",0,0,0,0,0
"UTTAR PRADESH","UDHAMSINGH NAGAR","JASPUR",33,17,0,0,50
"UTTAR PRADESH","UDHAMSINGH NAGAR","KASHIPUR",0,0,0,0,0
"UTTAR PRADESH","UDHAMSINGH NAGAR","KHATIMA",90,93,183,0,366
"UTTAR PRADESH","UDHAMSINGH NAGAR","RUDRAPUR",0,0,0,0,0
"UTTAR PRADESH","UDHAMSINGH NAGAR","SITARGANJ",0,0,0,0,0
"UTTAR PRADESH","UNNAO","ASOHA",NA,NA,NA,NA,NA
"UTTAR PRADESH","UNNAO","AURAS",NA,NA,NA,NA,NA
"UTTAR PRADESH","UNNAO","BANGARMAU",NA,NA,NA,NA,NA
"UTTAR PRADESH","UNNAO","BICHHIYA",NA,NA,NA,NA,NA
"UTTAR PRADESH","UNNAO","BIGHAPUR",NA,NA,NA,NA,NA
"UTTAR PRADESH","UNNAO","FATEHPUR CHAURASI",NA,NA,NA,NA,NA
"UTTAR PRADESH","UNNAO","GANJ MORADABAD",NA,NA,NA,NA,NA
"UTTAR PRADESH","UNNAO","HASAN GANJ",NA,NA,NA,NA,NA
"UTTAR PRADESH","UNNAO","HILAULI",NA,NA,NA,NA,NA
"UTTAR PRADESH","UNNAO","MIANGANJ",NA,NA,NA,NA,NA
"UTTAR PRADESH","UNNAO","NAWABGANJ",NA,NA,NA,NA,NA
"UTTAR PRADESH","UNNAO","PURWA",NA,NA,NA,NA,NA
"UTTAR PRADESH","UNNAO","SAFIPUR",NA,NA,NA,NA,NA
"UTTAR PRADESH","UNNAO","SIKANDARPUR KARAN",NA,NA,NA,NA,NA
"UTTAR PRADESH","UNNAO","SIKANDARPUR SARAUSI",NA,NA,NA,NA,NA
"UTTAR PRADESH","UNNAO","SUMERPUR",NA,NA,NA,NA,NA
"UTTAR PRADESH","UTTARKASHI","BHATWARI",NA,NA,NA,NA,NA
"UTTAR PRADESH","UTTARKASHI","CHINYALISAOR",NA,NA,NA,NA,NA
"UTTAR PRADESH","UTTARKASHI","DUNDA",NA,NA,NA,NA,NA
"UTTAR PRADESH","UTTARKASHI","MORI",NA,NA,NA,NA,NA
"UTTAR PRADESH","UTTARKASHI","NAUGAON",NA,NA,NA,NA,NA
"UTTAR PRADESH","UTTARKASHI","PURAULA",NA,NA,NA,NA,NA
"UTTAR PRADESH","VARANASI","AARAJILAINS",342,480,301,15,1138
"UTTAR PRADESH","VARANASI","BADAGOAN",34,63,41,61,199
"UTTAR PRADESH","VARANASI","BARAHNI",3,4,0,1,8
"UTTAR PRADESH","VARANASI","CHAHANIA",201,201,0,0,402
"UTTAR PRADESH","VARANASI","CHAKIYA",10,5,0,0,15
"UTTAR PRADESH","VARANASI","CHANDOULI",12,15,0,0,27
"UTTAR PRADESH","VARANASI","CHIRAI GOAN",0,0,0,0,0
"UTTAR PRADESH","VARANASI","CHOLA PUR",0,0,0,0,0
"UTTAR PRADESH","VARANASI","DHANAPUR",385,385,0,0,770
"UTTAR PRADESH","VARANASI","HARAHUAA",131,254,65,52,502
"UTTAR PRADESH","VARANASI","KASHI VIDYAPEETH",25,25,0,0,50
"UTTAR PRADESH","VARANASI","NAOUGHAR",NA,NA,NA,NA,NA
"UTTAR PRADESH","VARANASI","NIYMATA BAD",313,583,0,10,906
"UTTAR PRADESH","VARANASI","PINDRA",558,899,4,4,1465
"UTTAR PRADESH","VARANASI","SAHABGANJ",5,5,3,2,15
"UTTAR PRADESH","VARANASI","SAKELDIHA",222,258,0,0,480
"UTTAR PRADESH","VARANASI","SAVAPURI",4,6,0,0,10
"WEST BENGAL","BANKURA","BANKURA  - I",NA,NA,NA,NA,NA
"WEST BENGAL","BANKURA","BANKURA - II",NA,NA,NA,NA,NA
"WEST BENGAL","BANKURA","BARJORA",0,0,0,0,0
"WEST BENGAL","BANKURA","BISHNUPUR",0,0,0,0,0
"WEST BENGAL","BANKURA","CHHATNA",NA,NA,NA,NA,NA
"WEST BENGAL","BANKURA","GANGAJALGHATI",NA,NA,NA,NA,NA
"WEST BENGAL","BANKURA","INDAS",0,0,0,0,0
"WEST BENGAL","BANKURA","INDPUR",NA,NA,NA,NA,NA
"WEST BENGAL","BANKURA","JOYPUR",0,0,0,0,0
"WEST BENGAL","BANKURA","KHATRA - I",NA,NA,NA,NA,NA
"WEST BENGAL","BANKURA","KHATRA - II",NA,NA,NA,NA,NA
"WEST BENGAL","BANKURA","KOTALPUR",0,0,0,0,0
"WEST BENGAL","BANKURA","MEJHIA",NA,NA,NA,NA,NA
"WEST BENGAL","BANKURA","ONDA",0,0,0,0,0
"WEST BENGAL","BANKURA","PATRASAYER",0,0,0,0,0
"WEST BENGAL","BANKURA","RAIPUR - I",NA,NA,NA,NA,NA
"WEST BENGAL","BANKURA","RAIPUR - II",NA,NA,NA,NA,NA
"WEST BENGAL","BANKURA","RANIBANDH",NA,NA,NA,NA,NA
"WEST BENGAL","BANKURA","SALTORA",NA,NA,NA,NA,NA
"WEST BENGAL","BANKURA","SIMLAPAL",NA,NA,NA,NA,NA
"WEST BENGAL","BANKURA","SONAMUKHI",0,0,0,0,0
"WEST BENGAL","BANKURA","TALDANGRA",0,0,0,0,0
"WEST BENGAL","BIRBHUM","BOLPUR-SRINIKETAN",0,0,0,0,0
"WEST BENGAL","BIRBHUM","DUBRAJPUR",0,0,0,0,0
"WEST BENGAL","BIRBHUM","ILLAMBAZAR",13,0,0,0,13
"WEST BENGAL","BIRBHUM","KHAYRASOLE",NA,NA,NA,NA,NA
"WEST BENGAL","BIRBHUM","LABPUR",NA,NA,NA,NA,NA
"WEST BENGAL","BIRBHUM","MAYURESWAR-I",0,0,0,0,0
"WEST BENGAL","BIRBHUM","MAYURESWAR-II",NA,NA,NA,NA,NA
"WEST BENGAL","BIRBHUM","MD.BAZAR",NA,NA,NA,NA,NA
"WEST BENGAL","BIRBHUM","MURARAI II",0,0,0,0,0
"WEST BENGAL","BIRBHUM","MURARAI-I",0,0,0,0,0
"WEST BENGAL","BIRBHUM","NALHATI-I",0,0,0,0,0
"WEST BENGAL","BIRBHUM","NALHATI-II",25,3,1,1,30
"WEST BENGAL","BIRBHUM","NANUR",NA,NA,NA,NA,NA
"WEST BENGAL","BIRBHUM","RAJNAGAR",NA,NA,NA,NA,NA
"WEST BENGAL","BIRBHUM","RAMPURHAT-I",0,0,0,0,0
"WEST BENGAL","BIRBHUM","RAMPURHAT-II",0,0,0,0,0
"WEST BENGAL","BIRBHUM","SAINTHIA",0,0,0,0,0
"WEST BENGAL","BIRBHUM","SURI-I",NA,NA,NA,NA,NA
"WEST BENGAL","BIRBHUM","SURI-II",NA,NA,NA,NA,NA
"WEST BENGAL","BURDWAN","ANDAL",NA,NA,NA,NA,NA
"WEST BENGAL","BURDWAN","ASANSOL MUNI. CORPN.",NA,NA,NA,NA,NA
"WEST BENGAL","BURDWAN","AUSGRAM - I",15,0,0,0,15
"WEST BENGAL","BURDWAN","AUSGRAM - II",0,0,0,0,0
"WEST BENGAL","BURDWAN","BARABONI",NA,NA,NA,NA,NA
"WEST BENGAL","BURDWAN","BHATAR",NA,NA,NA,NA,NA
"WEST BENGAL","BURDWAN","BURDWAN - I",125,0,0,0,125
"WEST BENGAL","BURDWAN","BURDWAN - II",0,0,0,0,0
"WEST BENGAL","BURDWAN","DURGAPUR-FARIDPUR",NA,NA,NA,NA,NA
"WEST BENGAL","BURDWAN","GALSI - I",35,16,0,0,51
"WEST BENGAL","BURDWAN","GALSI - II",0,0,0,0,0
"WEST BENGAL","BURDWAN","JAMALPUR",0,0,0,0,0
"WEST BENGAL","BURDWAN","JAMURIA",NA,NA,NA,NA,NA
"WEST BENGAL","BURDWAN","KALNA - I",0,0,0,0,0
"WEST BENGAL","BURDWAN","KALNA - II",0,0,0,0,0
"WEST BENGAL","BURDWAN","KANKSA",0,0,0,0,0
"WEST BENGAL","BURDWAN","KATWA - I",0,0,0,0,0
"WEST BENGAL","BURDWAN","KATWA - II",0,0,0,0,0
"WEST BENGAL","BURDWAN","KETUGRAM - I",0,0,0,0,0
"WEST BENGAL","BURDWAN","KETUGRAM - II",0,0,0,0,0
"WEST BENGAL","BURDWAN","KHANDAGHOSH",0,0,0,0,0
"WEST BENGAL","BURDWAN","KULTI MUNICIPALITY",NA,NA,NA,NA,NA
"WEST BENGAL","BURDWAN","MEMARI - I",0,0,0,0,0
"WEST BENGAL","BURDWAN","MEMARI - II",0,0,0,0,0
"WEST BENGAL","BURDWAN","MONGALKOTE",0,0,0,0,0
"WEST BENGAL","BURDWAN","MONTESWAR",223,0,0,51,274
"WEST BENGAL","BURDWAN","PANDAVASWAR",NA,NA,NA,NA,NA
"WEST BENGAL","BURDWAN","PURBASTHALI - I",0,0,0,0,0
"WEST BENGAL","BURDWAN","PURBASTHALI - II",7,5,4,8,24
"WEST BENGAL","BURDWAN","RAINA - I",0,0,0,0,0
"WEST BENGAL","BURDWAN","RAINA - II",75,0,0,0,75
"WEST BENGAL","BURDWAN","RANIGANJ",NA,NA,NA,NA,NA
"WEST BENGAL","BURDWAN","SALANPUR",NA,NA,NA,NA,NA
"WEST BENGAL","COOCHBEHAR","COOCHBEHAR - I",0,0,0,0,0
"WEST BENGAL","COOCHBEHAR","COOCHBEHAR - II",0,0,0,0,0
"WEST BENGAL","COOCHBEHAR","DINHATA - I",0,0,0,0,0
"WEST BENGAL","COOCHBEHAR","DINHATA - II",0,0,0,0,0
"WEST BENGAL","COOCHBEHAR","HALDIBARI",0,0,0,0,0
"WEST BENGAL","COOCHBEHAR","MATHABHANGA - I",0,0,0,0,0
"WEST BENGAL","COOCHBEHAR","MATHABHANGA - II",NA,NA,NA,NA,NA
"WEST BENGAL","COOCHBEHAR","MEKLIGANJ",0,0,0,0,0
"WEST BENGAL","COOCHBEHAR","SITAI",0,0,0,0,0
"WEST BENGAL","COOCHBEHAR","SITALKUCHI",0,0,0,0,0
"WEST BENGAL","COOCHBEHAR","TUFANGANJ - I",0,0,0,0,0
"WEST BENGAL","COOCHBEHAR","TUFANGANJ - II",0,0,0,0,0
"WEST BENGAL","DAKSHIN DINAJPUR","BALURGHAT",0,0,0,0,0
"WEST BENGAL","DAKSHIN DINAJPUR","BANSHIHARI",2,2,2,2,8
"WEST BENGAL","DAKSHIN DINAJPUR","GANGARAMPUR",0,0,0,0,0
"WEST BENGAL","DAKSHIN DINAJPUR","HILI",0,0,0,0,0
"WEST BENGAL","DAKSHIN DINAJPUR","KUMARGANJ",0,0,0,0,0
"WEST BENGAL","DAKSHIN DINAJPUR","KUSHMANDI",0,0,0,0,0
"WEST BENGAL","DAKSHIN DINAJPUR","TAPAN",0,0,0,0,0
"WEST BENGAL","DARJEELING","DARJEELING PULBAZAR",NA,NA,NA,NA,NA
"WEST BENGAL","DARJEELING","GORUBATHAN(KALIMIII)",NA,NA,NA,NA,NA
"WEST BENGAL","DARJEELING","JOREBUNGLOW SUKHIAPE",NA,NA,NA,NA,NA
"WEST BENGAL","DARJEELING","KALIMPONG-I",NA,NA,NA,NA,NA
"WEST BENGAL","DARJEELING","KALIMPONG-II",NA,NA,NA,NA,NA
"WEST BENGAL","DARJEELING","KHONBANI",NA,NA,NA,NA,NA
"WEST BENGAL","DARJEELING","KURSEONG",NA,NA,NA,NA,NA
"WEST BENGAL","DARJEELING","MATIGARA",NA,NA,NA,NA,NA
"WEST BENGAL","DARJEELING","MIRIK",NA,NA,NA,NA,NA
"WEST BENGAL","DARJEELING","NAXAL BARI",0,0,0,0,0
"WEST BENGAL","DARJEELING","PHANSIDEOA",0,0,0,0,0
"WEST BENGAL","DARJEELING","RANGLI (TAKDAH)",NA,NA,NA,NA,NA
"WEST BENGAL","HOOGLY","ARAMBAGH",96,26,2,16,140
"WEST BENGAL","HOOGLY","BALAGARH",0,0,0,0,0
"WEST BENGAL","HOOGLY","CHANDITALA - I",0,0,0,30,30
"WEST BENGAL","HOOGLY","CHANDITALA - II",0,0,0,0,0
"WEST BENGAL","HOOGLY","CHINSURAH-MOGRA",0,0,0,0,0
"WEST BENGAL","HOOGLY","DHANIAKHALI",36,0,0,0,36
"WEST BENGAL","HOOGLY","GOGHAT - I",0,0,0,0,0
"WEST BENGAL","HOOGLY","GOGHAT - II",0,0,0,0,0
"WEST BENGAL","HOOGLY","HARIPAL",0,0,0,0,0
"WEST BENGAL","HOOGLY","JANGIPARA",0,0,0,0,0
"WEST BENGAL","HOOGLY","KHANAKUL - I",0,0,0,0,0
"WEST BENGAL","HOOGLY","KHANAKUL - II",0,0,0,0,0
"WEST BENGAL","HOOGLY","PANDUA",0,0,0,0,0
"WEST BENGAL","HOOGLY","POLBA-DADPUR",0,0,0,0,0
"WEST BENGAL","HOOGLY","PURSURAH",0,0,0,0,0
"WEST BENGAL","HOOGLY","SERAMPUR UTTARPARA",0,0,0,0,0
"WEST BENGAL","HOOGLY","SINGUR",30,1,0,0,31
"WEST BENGAL","HOOGLY","TARAKESWAR",0,0,0,0,0
"WEST BENGAL","HOWRAH","AMTA - I",0,0,0,0,0
"WEST BENGAL","HOWRAH","AMTA - II",0,0,0,0,0
"WEST BENGAL","HOWRAH","BAGNAN - I",0,0,0,0,0
"WEST BENGAL","HOWRAH","BAGNAN - II",0,0,0,0,0
"WEST BENGAL","HOWRAH","BALLY JAGACHA",NA,NA,NA,NA,NA
"WEST BENGAL","HOWRAH","DOMJUR",0,0,0,0,0
"WEST BENGAL","HOWRAH","JAGATBALLAVPUR",0,0,0,0,0
"WEST BENGAL","HOWRAH","PANCHLA",0,0,0,0,0
"WEST BENGAL","HOWRAH","SANKRAIL",NA,NA,NA,NA,NA
"WEST BENGAL","HOWRAH","SHYAMPUR - I",NA,NA,NA,NA,NA
"WEST BENGAL","HOWRAH","SHYAMPUR - II",NA,NA,NA,NA,NA
"WEST BENGAL","HOWRAH","UDAYNARAYANPUR",4,0,0,0,4
"WEST BENGAL","HOWRAH","ULUBERIA - I",NA,NA,NA,NA,NA
"WEST BENGAL","HOWRAH","ULUBERIA - II",0,0,0,0,0
"WEST BENGAL","JALPAIGURI","ALIPURDUAR - I",0,0,0,0,0
"WEST BENGAL","JALPAIGURI","ALIPURDUAR - II",0,0,0,0,0
"WEST BENGAL","JALPAIGURI","DHUPGURI",0,0,0,150,150
"WEST BENGAL","JALPAIGURI","FALAKATA",0,0,0,0,0
"WEST BENGAL","JALPAIGURI","KALCHINI",0,0,0,0,0
"WEST BENGAL","JALPAIGURI","KUMARGRAM",0,0,0,0,0
"WEST BENGAL","JALPAIGURI","MADARIHAT",0,0,0,0,0
"WEST BENGAL","JALPAIGURI","MAL",0,0,0,0,0
"WEST BENGAL","JALPAIGURI","MATIALI",0,0,0,0,0
"WEST BENGAL","JALPAIGURI","MAYNAGURI",0,0,0,0,0
"WEST BENGAL","JALPAIGURI","NAGRAKATA",NA,NA,NA,NA,NA
"WEST BENGAL","JALPAIGURI","RAJGANJ",15,45,0,7,67
"WEST BENGAL","JALPAIGURI","SADAR",5,3,8,4,20
"WEST BENGAL","MALDA","BAMANGOLA",0,0,0,0,0
"WEST BENGAL","MALDA","CHANCHAL -I",0,0,0,0,0
"WEST BENGAL","MALDA","CHANCHAL II",0,0,0,0,0
"WEST BENGAL","MALDA","ENGLISHBAZAR",0,0,0,0,0
"WEST BENGAL","MALDA","GAZOL",0,0,0,0,0
"WEST BENGAL","MALDA","HABIBPUR",NA,NA,NA,NA,NA
"WEST BENGAL","MALDA","HARISH CHANDRAPUR-II",0,0,0,0,0
"WEST BENGAL","MALDA","HARISHCHANDRAPUR I",0,0,0,0,0
"WEST BENGAL","MALDA","KALIACHAK - I",NA,NA,NA,NA,NA
"WEST BENGAL","MALDA","KALIACHAK II",0,0,0,0,0
"WEST BENGAL","MALDA","KALIACHAK III",0,0,0,0,0
"WEST BENGAL","MALDA","MANIK CHAK",0,0,0,0,0
"WEST BENGAL","MALDA","OLD MALDA",0,0,0,0,0
"WEST BENGAL","MALDA","RATUA-I",0,0,0,0,0
"WEST BENGAL","MALDA","RATUA-II",0,0,0,0,0
"WEST BENGAL","MIDNAPORE","BHAGWANPUR - I",0,0,0,0,0
"WEST BENGAL","MIDNAPORE","BHAGWANPUR - II",0,0,0,0,0
"WEST BENGAL","MIDNAPORE","BINPUR - I",NA,NA,NA,NA,NA
"WEST BENGAL","MIDNAPORE","BINPUR - II",0,0,0,0,0
"WEST BENGAL","MIDNAPORE","CHANDRAKONA - I",0,36,0,0,36
"WEST BENGAL","MIDNAPORE","CHANDRAKORA - II",0,0,0,0,0
"WEST BENGAL","MIDNAPORE","CONTAI - I",NA,NA,NA,NA,NA
"WEST BENGAL","MIDNAPORE","CONTAI - II",NA,NA,NA,NA,NA
"WEST BENGAL","MIDNAPORE","CONTAI - III",0,0,0,0,0
"WEST BENGAL","MIDNAPORE","DANTAN - II",0,0,0,0,0
"WEST BENGAL","MIDNAPORE","DANTON - I",0,0,0,0,0
"WEST BENGAL","MIDNAPORE","DASPUR - I",60,0,0,0,60
"WEST BENGAL","MIDNAPORE","DASPUR - II",0,0,0,0,0
"WEST BENGAL","MIDNAPORE","DEBRA",0,0,0,0,0
"WEST BENGAL","MIDNAPORE","EGRA - I",0,0,0,0,0
"WEST BENGAL","MIDNAPORE","EGRA - II",0,0,0,0,0
"WEST BENGAL","MIDNAPORE","GARHBETA - I",0,0,0,0,0
"WEST BENGAL","MIDNAPORE","GARHBETA - II",0,0,0,0,0
"WEST BENGAL","MIDNAPORE","GARHBETA - III",0,0,0,0,0
"WEST BENGAL","MIDNAPORE","GHATAL",0,20,0,0,20
"WEST BENGAL","MIDNAPORE","GOPIBALLAVPUR - I",0,0,0,0,0
"WEST BENGAL","MIDNAPORE","GOPIBALLAVPUR - II",0,0,0,0,0
"WEST BENGAL","MIDNAPORE","JAMBANI",0,0,0,0,0
"WEST BENGAL","MIDNAPORE","JHARGRAM",0,0,0,0,0
"WEST BENGAL","MIDNAPORE","KESHIARY",0,0,0,0,0
"WEST BENGAL","MIDNAPORE","KESHPUR",0,0,0,0,0
"WEST BENGAL","MIDNAPORE","KHARAGPUR - I",0,0,0,0,0
"WEST BENGAL","MIDNAPORE","KHARAGPUR - II",0,0,0,0,0
"WEST BENGAL","MIDNAPORE","KHEJURI - I",NA,NA,NA,NA,NA
"WEST BENGAL","MIDNAPORE","KHEJURI - II",NA,NA,NA,NA,NA
"WEST BENGAL","MIDNAPORE","MAHISHADAL - I",0,0,0,0,0
"WEST BENGAL","MIDNAPORE","MAHISHADAL -II",0,0,0,0,0
"WEST BENGAL","MIDNAPORE","MIDNAPORE SADAR",0,0,0,0,0
"WEST BENGAL","MIDNAPORE","MOHANPUR",0,0,0,0,0
"WEST BENGAL","MIDNAPORE","MOYNA",0,0,0,0,0
"WEST BENGAL","MIDNAPORE","NANDIGRAM - I",NA,NA,NA,NA,NA
"WEST BENGAL","MIDNAPORE","NANDIGRAM - II",NA,NA,NA,NA,NA
"WEST BENGAL","MIDNAPORE","NANDIGRAM - III",NA,NA,NA,NA,NA
"WEST BENGAL","MIDNAPORE","NARAYANGARH",0,0,0,0,0
"WEST BENGAL","MIDNAPORE","NAYAGRAM",NA,NA,NA,NA,NA
"WEST BENGAL","MIDNAPORE","PANSKURA - I",0,0,0,0,0
"WEST BENGAL","MIDNAPORE","PANSKURA - II",0,0,0,0,0
"WEST BENGAL","MIDNAPORE","PATASHPUR - I",0,0,0,4,4
"WEST BENGAL","MIDNAPORE","PATASHPUR - II",0,0,0,0,0
"WEST BENGAL","MIDNAPORE","PINGLA",0,0,0,0,0
"WEST BENGAL","MIDNAPORE","RAMNAGAR - I",0,0,0,0,0
"WEST BENGAL","MIDNAPORE","RAMNAGAR - II",0,0,0,0,0
"WEST BENGAL","MIDNAPORE","SALBONI",0,0,0,0,0
"WEST BENGAL","MIDNAPORE","SANKRAIL",0,0,0,0,0
"WEST BENGAL","MIDNAPORE","SOBANG",0,0,0,0,0
"WEST BENGAL","MIDNAPORE","SUTAHATA - I",NA,NA,NA,NA,NA
"WEST BENGAL","MIDNAPORE","SUTAHATA - II",0,0,0,0,0
"WEST BENGAL","MIDNAPORE","TAMLUK - I",0,12,0,0,12
"WEST BENGAL","MIDNAPORE","TAMLUK - II",0,25,0,0,25
"WEST BENGAL","MURSHIDABAD","BELDANGA - I",0,0,0,0,0
"WEST BENGAL","MURSHIDABAD","BELDANGA - II",0,0,0,0,0
"WEST BENGAL","MURSHIDABAD","BERHAMPORE",0,0,0,0,0
"WEST BENGAL","MURSHIDABAD","BHAGAWANGOLLA - I",0,0,0,0,0
"WEST BENGAL","MURSHIDABAD","BHAGAWANGOLLA - II",0,0,0,0,0
"WEST BENGAL","MURSHIDABAD","BHARATPUR - I",0,0,0,0,0
"WEST BENGAL","MURSHIDABAD","BHARATPUR - II",NA,NA,NA,NA,NA
"WEST BENGAL","MURSHIDABAD","BURWAN",0,0,0,0,0
"WEST BENGAL","MURSHIDABAD","DOMKAL",0,0,0,0,0
"WEST BENGAL","MURSHIDABAD","FARAKKA",NA,NA,NA,NA,NA
"WEST BENGAL","MURSHIDABAD","HARIHARPARA",0,0,0,0,0
"WEST BENGAL","MURSHIDABAD","JALANGI",0,0,0,0,0
"WEST BENGAL","MURSHIDABAD","KANDI",0,0,0,0,0
"WEST BENGAL","MURSHIDABAD","KHARGRAM",0,0,0,0,0
"WEST BENGAL","MURSHIDABAD","LALGOLLA",0,0,0,0,0
"WEST BENGAL","MURSHIDABAD","MUR - JIAGANJ",0,0,0,0,0
"WEST BENGAL","MURSHIDABAD","NABAGRAM",0,0,0,0,0
"WEST BENGAL","MURSHIDABAD","NOWADA",0,0,0,0,0
"WEST BENGAL","MURSHIDABAD","RAGHUNATHGANJ - I",0,0,0,0,0
"WEST BENGAL","MURSHIDABAD","RAGHUNATHGANJ - II",NA,NA,NA,NA,NA
"WEST BENGAL","MURSHIDABAD","RANINAGAR - I",0,0,0,8,8
"WEST BENGAL","MURSHIDABAD","RANINAGAR - II",0,0,0,0,0
"WEST BENGAL","MURSHIDABAD","SAGARDIGHI",0,0,0,0,0
"WEST BENGAL","MURSHIDABAD","SAMSHERGANJ",0,0,0,0,0
"WEST BENGAL","MURSHIDABAD","SUTI - I",0,0,0,0,0
"WEST BENGAL","MURSHIDABAD","SUTI - II",0,0,0,0,0
"WEST BENGAL","NADIA","CHAKDAHA",0,0,0,0,0
"WEST BENGAL","NADIA","CHAPRA",0,0,0,0,0
"WEST BENGAL","NADIA","HANSHKHALI",0,0,0,0,0
"WEST BENGAL","NADIA","HARINGHATA",0,0,0,0,0
"WEST BENGAL","NADIA","KALIGANJ",0,0,0,0,0
"WEST BENGAL","NADIA","KARIMPUR - I",0,0,0,0,0
"WEST BENGAL","NADIA","KARIMPUR - II",0,0,0,0,0
"WEST BENGAL","NADIA","KRISHNAGANJ",0,0,0,0,0
"WEST BENGAL","NADIA","KRISHNAGAR - I",0,0,0,0,0
"WEST BENGAL","NADIA","KRISHNAGAR - II",0,0,0,0,0
"WEST BENGAL","NADIA","NABADWIP",0,0,0,0,0
"WEST BENGAL","NADIA","NAKASHIPARA",0,0,0,0,0
"WEST BENGAL","NADIA","RANAGHAT - I",0,0,0,0,0
"WEST BENGAL","NADIA","RANAGHAT - II",29,0,0,0,29
"WEST BENGAL","NADIA","SHANTIPUR",0,0,0,0,0
"WEST BENGAL","NADIA","TEHATTA - I",0,0,0,0,0
"WEST BENGAL","NADIA","TEHATTA - II",0,0,0,0,0
"WEST BENGAL","NORTH 24 PARGANAS","AMDANGA",0,0,0,0,0
"WEST BENGAL","NORTH 24 PARGANAS","BADURIA",0,0,0,0,0
"WEST BENGAL","NORTH 24 PARGANAS","BAGDAH",0,0,0,0,0
"WEST BENGAL","NORTH 24 PARGANAS","BARASAT - I",0,0,0,0,0
"WEST BENGAL","NORTH 24 PARGANAS","BARASAT - II",0,0,0,0,0
"WEST BENGAL","NORTH 24 PARGANAS","BARRACKPORE - II",0,16,0,0,16
"WEST BENGAL","NORTH 24 PARGANAS","BARRACKPORE -I",0,0,0,0,0
"WEST BENGAL","NORTH 24 PARGANAS","BASHIRHAT - I",0,0,0,0,0
"WEST BENGAL","NORTH 24 PARGANAS","BASIRHAT - II",0,0,0,0,0
"WEST BENGAL","NORTH 24 PARGANAS","BONGAON",0,0,0,0,0
"WEST BENGAL","NORTH 24 PARGANAS","DEGANGA",0,0,0,0,0
"WEST BENGAL","NORTH 24 PARGANAS","GAIGHATA",0,0,0,0,0
"WEST BENGAL","NORTH 24 PARGANAS","HABRA - I",0,0,0,4,4
"WEST BENGAL","NORTH 24 PARGANAS","HABRA - II",20,10,0,0,30
"WEST BENGAL","NORTH 24 PARGANAS","HAROA",NA,NA,NA,NA,NA
"WEST BENGAL","NORTH 24 PARGANAS","HASNABAD",NA,NA,NA,NA,NA
"WEST BENGAL","NORTH 24 PARGANAS","HINGALGANJ",NA,NA,NA,NA,NA
"WEST BENGAL","NORTH 24 PARGANAS","MINAKHAN",NA,NA,NA,NA,NA
"WEST BENGAL","NORTH 24 PARGANAS","RAJARHAT",0,0,0,0,0
"WEST BENGAL","NORTH 24 PARGANAS","SANDESHKHALI - I",NA,NA,NA,NA,NA
"WEST BENGAL","NORTH 24 PARGANAS","SANDESHKHALI II",NA,NA,NA,NA,NA
"WEST BENGAL","NORTH 24 PARGANAS","SWARUPNAGAR",0,0,0,0,0
"WEST BENGAL","PURULIA","ARSHA",NA,NA,NA,NA,NA
"WEST BENGAL","PURULIA","BAGHMUNDI",NA,NA,NA,NA,NA
"WEST BENGAL","PURULIA","BALARAMPUR",NA,NA,NA,NA,NA
"WEST BENGAL","PURULIA","BANDWAN",NA,NA,NA,NA,NA
"WEST BENGAL","PURULIA","BARABAZAR.",NA,NA,NA,NA,NA
"WEST BENGAL","PURULIA","HURA",NA,NA,NA,NA,NA
"WEST BENGAL","PURULIA","JHALDA - I",NA,NA,NA,NA,NA
"WEST BENGAL","PURULIA","JHALDA - II",NA,NA,NA,NA,NA
"WEST BENGAL","PURULIA","JOYPUR",NA,NA,NA,NA,NA
"WEST BENGAL","PURULIA","KASHIPUR",NA,NA,NA,NA,NA
"WEST BENGAL","PURULIA","MANBAZAR - I",NA,NA,NA,NA,NA
"WEST BENGAL","PURULIA","MANBAZAR - II",NA,NA,NA,NA,NA
"WEST BENGAL","PURULIA","NETURIA",NA,NA,NA,NA,NA
"WEST BENGAL","PURULIA","PARA",NA,NA,NA,NA,NA
"WEST BENGAL","PURULIA","PUNCHA",NA,NA,NA,NA,NA
"WEST BENGAL","PURULIA","PURULIA - I",NA,NA,NA,NA,NA
"WEST BENGAL","PURULIA","PURULIA - II",NA,NA,NA,NA,NA
"WEST BENGAL","PURULIA","RAGHUNATHPUR - I",NA,NA,NA,NA,NA
"WEST BENGAL","PURULIA","RAGHUNATHPUR - II",NA,NA,NA,NA,NA
"WEST BENGAL","PURULIA","SANTURI",NA,NA,NA,NA,NA
"WEST BENGAL","SOUTH 24 PARGANAS","BARUIPUR",0,0,0,0,0
"WEST BENGAL","SOUTH 24 PARGANAS","BASANTI",NA,NA,NA,NA,NA
"WEST BENGAL","SOUTH 24 PARGANAS","BHANGORE - I",0,0,0,0,0
"WEST BENGAL","SOUTH 24 PARGANAS","BHANGORE - II",0,0,0,0,0
"WEST BENGAL","SOUTH 24 PARGANAS","BISHNUPUR - I",NA,NA,NA,NA,NA
"WEST BENGAL","SOUTH 24 PARGANAS","BISHNUPUR - II",0,0,0,0,0
"WEST BENGAL","SOUTH 24 PARGANAS","BUDGE BUDGE - I",NA,NA,NA,NA,NA
"WEST BENGAL","SOUTH 24 PARGANAS","BUDGE BUDGE - II",0,0,0,0,0
"WEST BENGAL","SOUTH 24 PARGANAS","CANNING - I",0,0,0,0,0
"WEST BENGAL","SOUTH 24 PARGANAS","CANNING - II",NA,NA,NA,NA,NA
"WEST BENGAL","SOUTH 24 PARGANAS","DAIMOND HARBOUR - II",0,0,0,0,0
"WEST BENGAL","SOUTH 24 PARGANAS","DIAMOND HARBOUR - I",NA,NA,NA,NA,NA
"WEST BENGAL","SOUTH 24 PARGANAS","FALTA",0,0,0,0,0
"WEST BENGAL","SOUTH 24 PARGANAS","GOSABA",NA,NA,NA,NA,NA
"WEST BENGAL","SOUTH 24 PARGANAS","JAYNAGAR - I",0,0,0,0,0
"WEST BENGAL","SOUTH 24 PARGANAS","JOYNAGAR - II",0,0,0,0,0
"WEST BENGAL","SOUTH 24 PARGANAS","KAKDWIP",NA,NA,NA,NA,NA
"WEST BENGAL","SOUTH 24 PARGANAS","KULPI",0,0,0,0,0
"WEST BENGAL","SOUTH 24 PARGANAS","KULTALI",NA,NA,NA,NA,NA
"WEST BENGAL","SOUTH 24 PARGANAS","MAGRAHAT - I",NA,NA,NA,NA,NA
"WEST BENGAL","SOUTH 24 PARGANAS","MAGRAHAT - II",0,0,0,0,0
"WEST BENGAL","SOUTH 24 PARGANAS","MANDIRBAZAR",0,0,0,0,0
"WEST BENGAL","SOUTH 24 PARGANAS","MATHURAPUR - I",0,0,0,0,0
"WEST BENGAL","SOUTH 24 PARGANAS","MATHURAPUR - II",NA,NA,NA,NA,NA
"WEST BENGAL","SOUTH 24 PARGANAS","NAMKHANA",0,0,0,0,0
"WEST BENGAL","SOUTH 24 PARGANAS","PATHARPRATIMA",NA,NA,NA,NA,NA
"WEST BENGAL","SOUTH 24 PARGANAS","SAGAR",NA,NA,NA,NA,NA
"WEST BENGAL","SOUTH 24 PARGANAS","SONARPUR",0,0,0,0,0
"WEST BENGAL","SOUTH 24 PARGANAS","THAKURPUKUR-MAHESTAL",NA,NA,NA,NA,NA
"WEST BENGAL","UTTAR DINAJPUR","CHOPRA",0,0,0,0,0
"WEST BENGAL","UTTAR DINAJPUR","GOALPOKHAR - II",0,0,0,0,0
"WEST BENGAL","UTTAR DINAJPUR","GOALPOKHER - I",0,0,0,0,0
"WEST BENGAL","UTTAR DINAJPUR","HEMTABAD",0,0,0,0,0
"WEST BENGAL","UTTAR DINAJPUR","ISLAMPUR",0,0,0,0,0
"WEST BENGAL","UTTAR DINAJPUR","ITAHAR",0,0,0,0,0
"WEST BENGAL","UTTAR DINAJPUR","KALIYAGANJ",0,0,0,0,0
"WEST BENGAL","UTTAR DINAJPUR","KARANDIGHI",0,0,0,0,0
"WEST BENGAL","UTTAR DINAJPUR","RAIGANJ",0,0,0,0,0
"ANDAMAN & NICOBARS","ANDAMAN","DIGLIPUR",NA,NA,NA,NA,NA
"ANDAMAN & NICOBARS","ANDAMAN","FERRARGUNJ",NA,NA,NA,NA,NA
"ANDAMAN & NICOBARS","ANDAMAN","HUTBAY",NA,NA,NA,NA,NA
"ANDAMAN & NICOBARS","ANDAMAN","MAYABUNDER",NA,NA,NA,NA,NA
"ANDAMAN & NICOBARS","ANDAMAN","PORT BLAIR",NA,NA,NA,NA,NA
"ANDAMAN & NICOBARS","ANDAMAN","RANGAT",NA,NA,NA,NA,NA
"ANDAMAN & NICOBARS","NICOBARS","CAMPBELLBAY",NA,NA,NA,NA,NA
"CHANDIGARH","","",NA,NA,NA,NA,NA
"DADRA & NAGAR HAVELI","DADRA & NAGAR HAVELI","AMBOLI",NA,NA,NA,NA,NA
"DADRA & NAGAR HAVELI","DADRA & NAGAR HAVELI","DADRA",NA,NA,NA,NA,NA
"DADRA & NAGAR HAVELI","DADRA & NAGAR HAVELI","DAPADA",NA,NA,NA,NA,NA
"DADRA & NAGAR HAVELI","DADRA & NAGAR HAVELI","DUDHANI",NA,NA,NA,NA,NA
"DADRA & NAGAR HAVELI","DADRA & NAGAR HAVELI","KHANVEL",NA,NA,NA,NA,NA
"DADRA & NAGAR HAVELI","DADRA & NAGAR HAVELI","KILVANI",NA,NA,NA,NA,NA
"DADRA & NAGAR HAVELI","DADRA & NAGAR HAVELI","MANDONI",NA,NA,NA,NA,NA
"DADRA & NAGAR HAVELI","DADRA & NAGAR HAVELI","NAROLI",NA,NA,NA,NA,NA
"DADRA & NAGAR HAVELI","DADRA & NAGAR HAVELI","RANDHA",NA,NA,NA,NA,NA
"DADRA & NAGAR HAVELI","DADRA & NAGAR HAVELI","SILVASSA-I",NA,NA,NA,NA,NA
"DADRA & NAGAR HAVELI","DADRA & NAGAR HAVELI","SILVASSA-II",NA,NA,NA,NA,NA
"DAMAN & DIU","","",NA,NA,NA,NA,NA
"DELHI","CENTRAL-DELHI","",NA,NA,NA,NA,NA
"DELHI","EAST","SHAHDARA-NE",NA,NA,NA,NA,NA
"DELHI","NORTH-EAST","SHAHDARA-EAST",NA,NA,NA,NA,NA
"DELHI","NORTH-WEST","ALIPUR",NA,NA,NA,NA,NA
"DELHI","SOUTH-EAST","MEHRAULI",0,0,0,0,0
"DELHI","SOUTH-WEST","NAJFGARH",0,0,0,0,0
"DELHI","WEST","NANGLOI",NA,NA,NA,NA,NA
"LAKSHADWEEP","","",NA,NA,NA,NA,NA
"PONDICHERRY","KARAIKAL","KARAIKAL",NA,NA,NA,NA,NA
"PONDICHERRY","KARAIKAL","KOTTUCHERRY",NA,NA,NA,NA,NA
"PONDICHERRY","KARAIKAL","NEDUNGADU",NA,NA,NA,NA,NA
"PONDICHERRY","KARAIKAL","NERAVY",NA,NA,NA,NA,NA
"PONDICHERRY","KARAIKAL","T R PATTINAM",NA,NA,NA,NA,NA
"PONDICHERRY","KARAIKAL","THIRUNALLAR",NA,NA,NA,NA,NA
"PONDICHERRY","MAHE","",NA,NA,NA,NA,NA
"PONDICHERRY","PONDICHERRY","ARIYANKUPPAM",0,0,0,0,0
"PONDICHERRY","PONDICHERRY","BAHOUR",0,0,0,0,0
"PONDICHERRY","PONDICHERRY","MANNADIPET",0,0,0,0,0
"PONDICHERRY","PONDICHERRY","NETTAPAKKAM",0,0,0,0,0
"PONDICHERRY","PONDICHERRY","OULGARET",0,0,0,0,0
"PONDICHERRY","PONDICHERRY","PONDICHERRY",NA,NA,NA,NA,NA
"PONDICHERRY","PONDICHERRY","VILLIANUR",0,0,0,0,0
"PONDICHERRY","YANAM","YANAM",NA,NA,NA,NA,NA
